X Y
8,82114092796099 12,917936781360163
13,219997148965344 1,728224258534592
9,157418627065054 16,409708183280515
7,581928850583249 15,391326854591771
8,025660927149914 15,662493024213903
9,364822474714977 15,45607962870571
9,214008156432795 15,776327640936659
9,291291274046188 12,848855331871922
11,691138753586586 1,07611571549876
7,461466451974346 11,183169571648785
11,986725962621161 1,551369054198655
11,895461502222714 1,664802397445029
18,25774540019301 11,5905372915983
11,911030440097822 1,421366284804182
9,431668223420889 12,744163938305702
8,044186060667995 16,92881384206678
8,069227022072733 15,579021435869096
9,522458242563793 11,69237070261718
11,357738437771832 3,303636710063545
8,041987358404125 16,0357270864958
8,808539957202061 13,271392155102111
7,997900626735785 12,9891635890403
12,378871570665792 3,220944181073492
16,978017891689163 11,235966925050507
8,938853234147603 17,23348973880359
9,870650284558828 15,785845103576422
18,72646898174615 11,388936873083209
8,771411773367687 12,12971551748957
7,666422888031538 15,561656146599123
9,548485978098919 13,241116989919975
8,506686190896978 13,176457311040693
13,479586150336438 3,109421935498201
7,668839072617579 12,529621302983083
8,522959429120887 12,663282710619397
18,837498593443296 10,68718500464639
7,32308514522484 11,37656055131082
13,41824108970258 2,210673224055905
7,308066229379804 13,218125419200337
11,87060230102828 2,78623785075462
9,39956275014018 15,82008883962438
18,270751137951184 11,707164241669462
9,187935700621686 16,5184196343273
7,583782646164028 16,34407835359321
7,599638509897375 16,22148545947138
8,771107308936038 12,77535499452408
17,696373262760364 11,573467774621637
13,778889375417204 3,289550084743707
12,084528311614234 2,243106940258045
8,270458537094116 12,685934346937168
18,62047210043475 11,682745114218477
12,5997055189901 2,400793477527972
8,394904873651516 11,58685191491125
9,14103186897478 16,82283082720665
8,641167219240463 13,324467260111911
8,038461221304418 16,173559407077594
18,831131498569256 10,601980054597469
17,191303979047255 12,616425191560662
18,964832814199134 12,093818928699415
7,490341615225949 15,69201038751565
18,19380466177282 10,767920881141833
9,784432457811864 16,328214985087904
13,547210210210139 2,876558963420206
12,429398887299914 2,066661925438288
7,608036730581668 12,578486249020235
18,969064210555665 10,890828890507839
7,710425055481789 11,481308997011887
8,120619142159079 12,818596969376602
8,082505867899753 15,379947100698175
13,196561485994089 2,912696870506595
17,617995502526487 10,960762014689175
16,683580785554753 12,63275643025693
18,03856936322503 12,62980150084462
18,99340053914329 10,837357584067547
9,5110137207048 15,51605357605928
13,786242280589972 1,75961217565391
7,876091915106918 17,43601025669164
12,934287739979789 2,343089141361489
11,891859303481437 2,188310944021822
12,638615321680035 2,969954794127691
8,337510928840947 11,35896306798224
9,56327899662381 16,479504111974926
18,679034113829413 12,362479624316952
18,120614102023108 12,256651728540813
8,39687595531074 11,196166149588034
9,549899787885614 12,960860654877704
13,062946410928872 2,265460466898988
7,475284891011589 11,87930482764233
7,383695875692151 15,405541744618269
17,98143705056063 10,615530738068975
7,328601914415739 16,53030127698004
13,24975512184928 2,540371735245001
9,57233702844616 13,183551404742088
9,530948213975664 15,563811021458303
7,469441809871139 16,308233118464027
7,775382892490035 16,746152356518376
12,095462785700285 1,514416107791167
8,473032087570202 16,03349574685649
8,81677058144242 16,185620348946646
8,341361836473425 13,113939383078884
19,054490501028823 11,921754776950825
8,746195394317995 12,470647467567646
8,259514256445199 12,939101180300748
13,33057626524746 1,845297373105488
16,8433437886456 11,36892619178526
11,513426412859861 1,082345322279488
8,735833854050318 11,38813473899801
8,103872185013262 15,841783590132897
8,293371137010771 17,111686072527743
12,166676570123428 1,643140943996999
8,364621948230422 11,353065554385667
9,616887126683023 11,39679586741247
7,521161887691311 16,529651168473553
17,300867743050443 11,053757115069189
13,138233478991856 3,283887806763074
8,26031590213722 12,561967097238133
12,06784692233191 2,628444141800005
17,711628871487832 12,743083739723456
18,706086329615438 11,454725559336572
12,026977267941733 2,858277673812359
9,690717658371288 16,424107178017543
8,726872158141758 12,535158727004788
8,301723485276337 12,395030483616472
18,991899917028537 12,425666901698328
12,72835552008245 3,07453393450262
18,74848019588069 11,480757435716441
7,989681784789963 15,410154599225782
9,777219278855943 12,0401393288465
8,136444429130664 17,116088140977524
9,291032178322151 11,68382220529967
18,57362636124174 11,535807496658723
8,910000109173716 15,725382294511213
7,763022410757444 13,058762923675742
18,59800421623764 10,979275970060021
11,626358563838675 2,838265750380348
12,0488304450898 3,12197591564556
8,851488633922168 12,47725103024649
9,523953776179996 16,990038633637063
12,034650632599059 3,273562499107728
16,56242158921255 12,60049308962788
9,358348484553094 12,373596813867373
17,789108360272607 10,635821329770366
7,615000413279961 13,007365624326724
12,53576743953751 1,880508702602202
7,38986035918684 13,204828530120357
9,614632195796995 12,96640945523401
12,221693117270464 1,383039573120917
12,248339266441729 2,267984997010458
9,414667748792073 15,72044335217483
9,79600968396093 12,172409333368421
13,435031144565295 1,624049192062067
18,303820572026723 11,558650806056603
18,813685894064854 11,942246411897601
8,432577176001397 12,394627203407367
7,53732802883749 12,426194888046638
9,646565562401893 16,21633628362683
16,741725579716153 12,575453387579607
9,72232669463977 12,82204314039119
18,849249324211875 12,471669468431063
7,532207601087145 16,904383014088108
16,907574133932712 10,89530510140666
9,40765521567154 13,15241008606412
11,345122399686257 1,405840517736138
7,847866200580089 15,80816611221732
12,964621375384578 1,582118786996598
8,859314893740216 12,302688415441615
9,770603301532272 11,279128947159297
13,249905067500968 2,994106576164627
11,848934273605025 2,189801034814546
8,642703535268943 15,955427996511492
17,76864910268589 11,286207713058568
17,842226773035232 11,27264458729357
13,556990538522628 1,075787313730046
11,673504942300402 2,720533242328169
17,250886641198427 12,143691805132352
17,337059127161115 12,613858244702984
16,556893067137143 12,817839516175729
11,763286099246114 2,189042368955927
7,975968945013034 17,369277275121295
11,263405121798346 1,825766209550439
8,914736475292758 13,075849033105753
17,82032797111197 12,017821855008876
8,723367647480577 11,209537568509658
18,9252607710244 12,003248699445331
17,583184871729234 11,63396518643639
18,604771102310583 11,866567945179956
9,09369521544419 17,151371969126032
17,773187986619977 10,605975964522072
17,177542047506677 11,923222756305185
9,144954132597764 17,10857692215253
12,515123899826289 1,321910730242272
9,09578407879189 15,595283983166683
16,633915703356628 12,627258094277941
17,807863048364005 11,219898863186621
17,28834685479932 12,682149868499081
11,325148372623552 3,265319950953901
9,503055296258948 17,545133421183372
19,102018179756964 11,925927720609131
11,291466326749138 2,363748012170898
7,947672789518935 12,012380000541883
11,74863652205359 3,083243882229272
8,969315646285919 12,262279659437587
9,55640217392355 15,358495183125394
9,786976895489802 11,38494067075347
7,820760098912358 12,721323276317593
8,173922379212364 16,389180199669884
8,536048575467264 15,381236642067368
7,415175588533699 15,428301152406648
8,104793949223454 17,081089110717013
7,82525682165014 11,131239511998755
16,673217430636633 10,709252304074237
17,48577724858587 11,000679332897365
12,677807711504926 1,659136517930194
8,83991047391137 13,333648371038908
7,401840370572137 13,112984798468155
11,760671456631208 2,257478437038635
8,203342851008316 17,552328142670135
8,60339429893437 15,393425442841872
8,373736075509825 15,661649974674816
13,461839074034492 2,863508393779194
7,386992500958402 11,83806372678799
11,563209083778583 3,059322720386283
18,366384120106282 10,597929440211939
18,613773806349258 11,06372967461848
9,55173936048168 15,586717330002061
18,9214152214283 11,653196069569217
17,13124674722504 12,273274348150322
18,928413825261106 12,54111215200739
12,26796563142755 2,269734527447986
11,842519351783544 2,277776007082123
18,613228865411553 10,6256385232992
8,80136984922594 11,734288648276024
9,526202557745778 15,897915536747202
18,662301735435648 11,254549023469213
18,28920724344144 12,699023825853182
18,181907956995833 10,866739383215117
17,566602726321896 10,61273168128106
8,171029148527438 17,381322677675943
13,757615006484182 2,038928228394857
9,299450891674105 11,925679410972942
12,133721245980285 2,483254434048568
8,137748853627418 13,002445761010605
11,808609658570992 1,325467011454502
9,587290727825218 11,61445934376391
13,271371775220302 2,71878983021191
7,479102476573283 12,510853624005598
9,678333897202988 11,32734922344063
9,039731226628412 12,288840033758264
8,470253591083669 16,669171961264055
11,695336155968597 1,573777609594341
8,681259081727353 17,12737042281783
13,649103816199014 2,587313890776931
17,08186097445583 12,327776039336216
7,453829808722561 12,294460987360788
18,373824555176945 11,610504552777071
8,31202531929848 11,455257255551762
7,681947726798374 15,898274800227172
17,142005942913613 12,522242495446328
12,000412310394395 1,871932297568263
17,42059475749314 12,723343991072705
8,094920389032445 15,845806995012765
7,438111858695088 12,00742476266502
16,973641022261678 11,293425749723998
7,867330932368646 16,528663158647106
13,768568256267166 1,836354358733767
7,988073914139991 12,944871298499358
18,632462543487776 10,697971413041765
16,869406920264275 11,997605676656132
11,808632261162032 2,81754432203605
7,687526752819737 15,852746626793724
7,981834525044623 15,409031564248588
8,002959388741457 13,16220449850184
7,340210368090478 16,182729635762595
18,68693708498466 12,56128720790583
7,83984050208148 11,480649459290422
17,63645678189434 11,67551514427747
9,50228543683776 12,017622828443693
17,078365245477553 11,890381353409978
7,334008569749611 12,07957736824918
9,728262507455629 16,17897463398571
9,629513185689254 12,08134510764139
7,551177852399596 17,294405036820066
8,167656455819053 12,575901230675044
7,712235808987283 12,657209634864344
9,44578280132024 16,144277299359494
16,76316652296547 12,65597983938285
13,453660208074357 3,011035857698227
8,661708148343116 15,889100476499369
17,708805469040787 12,326253160943528
8,81320957222539 16,580769315731946
8,596734109728095 16,81018035246128
9,861503922496519 16,19663688807586
17,521563219022703 11,903605628814269
17,49764878291375 11,245771232567558
17,177309115605354 10,913573896151245
18,014750257422932 11,473064340335643
9,359021995914487 15,677013313612862
9,07957568372905 12,664213421045924
9,756043135083576 16,506734260352214
9,666222821528654 16,44436464785346
18,879733509984966 11,107331420531686
18,948175904390624 11,487945231066625
8,692036868438414 12,070141227766314
16,921629257457123 11,170760284480098
17,78049988085712 10,821331852600709
9,022286574319665 16,164798612095815
13,564002350640578 2,760985168858263
8,53317697625777 13,054755117694091
7,74678294747547 11,767253328468644
9,455957973747747 12,090298591889464
9,223399853720933 15,821430848600343
17,953223609651573 11,738521211077206
7,399809462531367 16,08831853731768
17,331079453009895 11,533414226160787
12,03449323178149 3,132761208668216
17,692207412081142 12,578439024421582
8,801796838520563 15,666130255103862
18,628104278270246 11,697520617004326
18,708658191997937 12,00670415763472
7,863136947677351 16,235334121427652
8,563560966989908 13,346808826823345
17,456352451307946 11,539492431493349
7,86239623149716 16,247789776970766
18,52143764303144 10,611714929880991
7,417175775884561 17,31923709325249
7,762378809214099 11,19011841369765
8,213471627689014 15,580882923619834
13,56984953006637 1,426205391188836
7,45229058078451 16,412446905138292
7,682071846065393 16,86326620484324
18,047154217588638 11,613660392651036
11,898332174417458 2,061002727696293
7,347101757889236 12,815058472900615
11,38289118004996 2,700062344783781
13,351313428912762 2,73143270345829
8,279575348352562 12,705145412626958
8,86827507590264 11,900836367094763
7,772774150787481 15,910898089611768
9,590114926172209 16,546921472366815
12,33691359040301 1,500344317599826
8,280698779393164 15,3419661232646
8,3172523719624 17,11810168159547
8,839488341788032 11,802663358110436
11,993484094387298 2,995006165872584
17,56213503427232 11,323635422773208
8,165659037210336 11,328038561998959
8,62487083454005 16,16056315722497
17,835834320586642 11,35398782659941
9,791167902327974 11,488593581317692
18,61009313302979 11,139457585094647
18,532142928688696 10,629908726754039
12,498561630102976 3,291139002544198
17,591141842076972 10,815416689648407
13,589468355073606 3,160210040153717
12,899087792367444 1,873388719348327
16,971473230376063 11,56790813358629
7,776839210208778 13,047684269844138
17,10732814356216 12,149857031677296
12,58972360673484 2,022934793241109
18,19408894211182 12,747789519393013
13,091285325558735 2,617438180878267
9,79327884299057 12,4787354450345
18,453038376052852 10,670081396899658
9,370136996894287 12,887061348795557
17,76844918589177 11,048437431428448
16,76636456742929 11,168047251488705
18,806454977530862 11,15225122260409
7,438330674824431 16,838626570272957
7,564799124619833 11,272059702459314
13,460828676521217 2,205125486796193
17,160088554779467 10,585386556552848
8,46467118307041 15,347475234223358
9,459804303058204 11,601009871525793
16,751826288988617 12,717983088518206
16,97943068818844 11,040651440718582
17,766655601469022 10,893767040402548
8,118442654144173 13,082716015394716
8,182388940766245 12,690454722685663
17,760135849509812 11,462908323846584
18,90829822104618 12,020489650384135
13,339481965399274 2,055012435322459
17,20595808737135 11,24167346516788
16,56387493451822 12,356558374190618
9,260922005643641 16,886146092743378
17,302640913537417 11,704233021830184
7,442074290249907 16,995224450024967
8,59703526784702 12,130577343786179
7,40856795868085 15,77095054789521
13,747666658171543 1,885247367256928
11,28901065242908 2,597541691392211
7,821865756153609 11,955006563128418
12,31216677731306 1,773508099912996
12,927695299767421 2,451322342116709
7,33441387004017 12,273427138985792
9,61598038311511 16,53363922287609
17,949351862732165 11,753373642916658
8,614800071266107 11,556220352831687
17,947504597988733 10,87671326939883
13,677739708483491 1,41849910346572
11,61195267842262 1,873527791479367
9,077240265607855 11,492797465762743
17,751600985677705 10,867066761842096
12,379075338942245 1,208352738058296
9,78336650628555 12,523078291647854
9,064700260269268 15,955915853559485
13,593702788354575 1,593740237750144
9,203914317549984 12,785253474429588
11,922786985728658 2,848039551656622
12,097376161209539 2,377080036158021
18,813433295490633 11,376809496703544
13,559697496188594 1,804073401007153
13,183218202550695 2,118539662240602
9,489352824670785 12,007657656357186
7,859790712848689 12,420141932499362
13,409278387939528 1,132052609456166
13,437831902264506 1,140007385884543
18,11035140803601 11,222843498453505
17,46958918930036 11,899972709193737
18,95253950936136 11,167106735030002
9,51000019069804 17,233014867354914
9,768947106239649 16,355272402274963
9,834263448052498 17,419381412995083
16,916076105721935 12,453184893549263
8,531985108076395 15,425494342127633
11,901534795394547 1,083508810779978
9,432856674637511 16,40309081552261
17,74146071822352 12,520553462005237
18,77827549225367 12,21993166327196
8,646130033941551 11,541156591485066
9,397110460972739 17,514288748207886
7,947616377042645 11,649131384358204
7,625358507925685 11,426482484923802
17,83183531196036 10,848069898003034
16,647787636496087 11,7384064885715
12,48308365623982 1,87311206285201
13,273427896167744 1,418849663084931
18,484327665902807 11,462594600512412
9,153140778924389 12,57161748862151
13,332316689460345 1,386672534605169
11,89264441413594 2,115993791923442
8,053234299495523 17,507521650653942
7,760517139959757 13,196124638925745
9,284814614379615 17,228787161802913
8,665168043324442 15,766875187436185
11,435811749753428 1,284242197786702
9,306354509556996 16,215066284347575
9,04763401184903 16,536990673587926
7,898896417543928 11,23501859313367
18,628402653557533 11,972528213164173
7,263773964258406 12,319454411487055
11,788397005024011 1,218348080152984
17,299100293583912 12,326635429521218
7,486890239786767 17,061749555318965
12,416343927576861 1,608342829888746
9,50287610032957 16,108315539709906
9,386825191472052 12,27753829923048
12,374811648028883 2,604527901782593
7,87248785400483 16,60228936737991
12,729313456403064 1,910924295256249
9,828084568102799 17,38303417427232
16,9172539253301 10,890154637217512
17,090207952276476 11,577397811539868
11,578612109552367 1,40417881930045
17,550134282608738 11,602493253095254
11,73867358728445 2,011086834580003
12,3294486256559 1,093869163446907
7,438764659114193 16,912633329182402
9,38059220789047 11,490940320921515
17,570058617246627 12,738700807715935
8,618408373683774 15,344774937094583
13,660389491752024 1,615110433476622
7,978072517742934 16,631554904618408
13,253213620672957 1,723044097299749
17,018920842047663 11,272329360873279
13,215066846603483 1,885563676610736
18,140841322703896 10,965942671656142
8,01402261433348 11,212456780462047
9,267037462822584 16,80976106262679
9,526592596268067 12,729680154285104
9,032354007335313 12,385191992610451
9,24324178441736 15,343341387195235
8,007804132850351 17,534373620485226
7,806118243003468 13,060472354229077
12,615003821470903 1,181584469515098
7,640373863525457 13,240893549118967
9,714340595115978 15,79071470262053
9,235473018764633 12,218983099717331
8,408138979410364 17,166383901496054
12,422029182755416 3,160724698859783
8,104896005862075 12,908920407189106
9,726814753379815 15,68281271374078
18,61322567075034 12,273698549374377
12,876727753860987 3,243128250867808
7,791144338734455 11,745878814225822
18,59923288605296 11,250235069720622
16,85037549887929 10,64300677090283
11,741281251372953 3,010766738951011
9,098118557511237 12,428498602532178
18,748798001661132 12,81303950545864
7,488529714966522 11,957284220107033
11,949278989089857 1,664768883858459
17,5903394440351 11,370503643196678
9,078913768015195 16,181718817871417
19,063685855774377 11,20919716969906
12,385004754723797 1,109402136542743
12,11060161765958 2,345414800862656
12,791132142806473 1,381564998709483
8,349480031139809 16,255694482551622
7,649304281938836 17,49779952358009
8,657780172293126 11,13375795156963
9,486796938367698 12,726100547543211
12,256941329108335 3,038634395336423
7,721335116611808 17,05745701804307
9,110366872418439 11,779531871895552
13,443316574907156 2,899036648068885
7,583150521496681 15,514849271193247
11,275191949141702 1,923229986512047
12,3105455663975 1,529007413342732
11,494400947392897 2,919910299781664
7,922297039869315 11,169751825082198
19,068239372965255 12,812551756948372
18,838465966659854 11,240668470328547
17,93088320208748 10,66827310843951
8,002029815593003 16,63060418944495
18,860150289428283 10,99469156277775
13,004006595728224 1,624985452438332
9,724952436157547 11,522150200658267
9,2808421958614 13,286112434109855
12,67081186545027 1,695018278567374
18,079680850453002 10,813731081281126
13,45052158696321 2,205050387168095
18,316633492790228 12,381588702733445
9,297824134686554 15,511485661319266
9,161373829946907 17,249485144171764
9,758300935209485 17,529293019554633
7,39302481092518 11,935045764953665
11,383244258426348 2,245560065234332
7,970194288483642 17,544454300674055
8,432200820157925 16,51934145534148
13,021402455065974 1,403458667274254
8,11277080754167 11,979744951646161
8,490092319887165 16,208423599357197
18,51868652838806 11,446761772315453
11,300336858221808 2,543443863858008
16,735837229723 11,851303509095503
11,564220097719653 1,48977583038948
7,461766217061358 11,533508458198726
8,224065661841342 12,679179960671316
9,722278884319872 15,645728932868078
7,708266275151554 11,267731853647685
7,330382955611482 11,875365876384688
7,662650499397809 11,424957892952332
11,76744907215461 2,81730621724276
18,41174963002259 12,041308796186483
8,633937668988978 11,427691644584085
13,702912054212554 1,802417770508898
8,74680740693528 12,745514685991264
17,846454180492078 11,741966214760561
18,23331252828031 12,282640730609906
18,61811629038962 12,024277280565983
7,622252574371737 12,476741689223616
9,526215738121264 15,507200971425736
11,582186946099446 1,93232510587911
7,540171479411674 13,331796668795054
12,657187710825685 2,301943821685411
8,171575142529163 16,478005092746535
18,018117184939314 11,06610482973225
7,259426072509538 12,680030438087128
8,221724609234832 16,689986015294267
7,359234084982227 11,642894871157436
9,521749599566968 11,833124656843298
16,57422740552155 12,110682197443674
9,060192453123172 12,930405517720095
8,513503187551082 15,39285391973929
9,184762129842317 16,33063294094014
9,475500137796303 17,558217905054324
9,118818149426524 12,840375910682726
17,81410781859736 10,929810240583228
18,07172849898 11,62474604919422
11,831602363925944 2,327792998123984
8,040872584314936 17,020873320794983
13,307461645113706 2,346696459968658
9,386445069345752 13,199030565955509
13,767258426793855 1,506090037485714
18,63734295393791 12,067875590617916
9,04595454737805 15,46686602881038
9,454420581148128 13,333924660691135
9,400720883752216 16,946728571137115
7,277796443944653 13,37615243311508
17,72833388272903 12,74302459213437
17,178159678792127 11,658079866426228
17,51717074675768 12,167941802489548
8,792206525230732 11,538254109768626
17,65761455458263 11,573979871192384
17,143831335766496 12,33162696827275
9,050913959261148 12,159869554886601
9,232183776779594 11,96640916229123
7,874425625852885 17,13142908984326
18,907130945562486 10,8190548589436
9,79608856875712 17,01271936853843
11,569283217518668 3,206282970904488
8,75781664809189 12,440949769658092
9,497099778295775 11,914610451203668
8,683689430597958 11,550191913175164
9,210574494419362 12,467651529936026
12,441749789140099 2,951571867524434
12,79099479997274 2,11052748980436
12,0817516695942 2,131646584680603
9,042745744460973 13,335461049794743
7,439855062369216 12,935611647406454
9,629531736492796 15,801820102754196
8,260349064337095 17,285458821625927
12,61473238123439 2,179351999397834
17,41495200178204 11,389646182307384
7,414995088721407 16,568830506374784
13,084148072133944 1,592033343467052
17,78702089783477 10,967165472072695
13,36394295498486 2,914036868871232
8,628602176174413 11,48182760820664
16,772865578165426 10,76835590467777
18,86500273418422 11,224305792526472
9,633675889177347 16,424126283955278
13,555305273569852 2,016250741591553
12,820374521305727 3,174105148891634
18,63045276351507 11,424253791025423
9,801215253986145 11,838043711191547
13,451209722538428 2,940920654756302
17,411292756906203 10,76657499382486
8,714863778201494 12,82338036289475
9,6925013575982 12,416621669139042
18,548361885679267 11,014787391638007
9,572358266388601 15,566063981754269
8,881529442113408 12,094434894993494
9,743891883304407 12,238671287825357
12,819564332047454 2,671106047683589
18,33890042760826 11,286263317412791
8,614641066872425 16,960003173463264
16,842423183436235 12,130677063075794
8,78412929487834 12,83659442934496
9,083285599777746 12,9883077639892
12,047345579168953 3,090202287020338
12,818499715604013 3,049529185182562
18,176201852362272 12,340454969940328
9,156705009594685 11,633092976471701
17,368362633155183 11,696353618557085
13,398474511285128 2,428329319041642
7,354111934544664 17,212161750289287
7,873585561259146 13,35254806404403
8,98870180975567 13,25681596790169
7,790831015539512 16,77271087177489
12,218151251467187 2,915869572539918
7,521705591903359 17,461486089220678
8,42974006314282 17,020822190747126
13,475581457911174 2,476899300199358
8,755036183497522 13,24774534594674
18,577954374384603 11,139816968625093
9,295539850824717 12,252397902914629
9,794431535006453 16,212057664799243
7,285813235302078 11,651149747958073
17,71232090375135 12,260666532044619
17,857142717583333 11,811567996076706
13,53651255833101 1,220586335709774
11,758802556029224 1,630984173030061
8,253115045231612 15,759325660629589
18,396342813796583 12,034762017780315
7,393211286221136 17,2191333809357
13,579628122471114 1,965357311186509
9,205759889611848 16,31612772343087
8,447054262848622 12,137495458220393
13,295332941768597 1,816296974089028
9,219478146631305 16,15168759924641
7,835054403268151 11,401026233391201
16,86773301632186 11,314706984784442
11,454211221952242 2,370992536399981
11,697297161093285 1,219631391613537
8,74043323711407 11,52674820483886
9,19994364775539 17,549597934521167
18,880401396758668 10,934011974549753
9,227427106760844 11,446561503140483
7,385042748107435 15,541089482231024
17,1207794449976 11,39715175659826
12,591195626751391 2,090869179838709
8,404759124795628 16,333097596089477
7,722992090893174 16,06153441249226
8,271486767597143 16,120968984457267
9,61916682267953 13,145090850920283
17,99222079484394 10,930088267954975
8,13461356890688 15,56276731416425
13,35712702132153 1,677420471143422
8,50917845890184 12,437120642665866
11,25109508050624 2,149770458435894
13,293885323422579 1,605978077571176
18,238551321723453 11,036459221377436
13,653238263477164 2,716397426434489
17,684477221384853 11,942728901494853
12,949824378239947 1,326472203867238
18,20000218846739 10,627551652940088
11,330023411195471 2,511199121379834
8,46569036904689 17,176483809342585
18,346442024304483 12,706395658492655
8,750927252413954 16,5293922227283
16,837459461176483 11,804744580925599
9,319239214934708 11,523604305609625
16,702176912213673 10,915731712492164
18,707215712219615 10,822145324512798
8,218482526170279 16,422924307143386
13,475365183554448 1,40420747018284
9,11384113250463 17,1086727901889
9,240841459242818 16,779233087045096
7,385792808226463 16,737514745324972
9,540252740056872 13,127884742097947
7,407131351008798 11,782696998231618
8,037794460395807 12,788146853273208
18,613180827490662 11,750509236768538
8,446923926423874 15,38617883042887
7,261987853308898 13,009550583029021
8,603778538054044 17,07185695127839
8,2396830574653 17,443021704779234
12,270475899274041 2,579605267357907
8,026984492673085 16,30280422858428
8,018613838579205 16,485584526280274
7,809412504023943 16,145393872278163
12,590858092139419 3,00429887533837
8,798106326911347 15,872141527752357
12,92436024565105 3,249014060896187
9,68006442916083 15,535042957687407
9,797997570116689 12,310320222470471
7,398473698190628 12,983681825199843
8,449587202193856 12,951422987336068
18,0971625543492 12,504461156324757
7,25663809441775 12,978178361436134
9,226669111186403 16,441976933404945
8,924842755536622 13,126673969833181
7,983991970947847 17,113552836294296
8,342758252613399 17,2074482753462
8,004797785807035 16,969859527913716
17,964160947162124 11,473711073182248
11,936473002173402 1,276624294791641
9,745742015715374 15,971469403891547
9,587180353606122 15,459390220919364
7,329174119848912 16,210745678190342
8,483221004269598 12,48317017764136
8,913484429907532 13,22060538172479
9,460617421714858 11,65977531526391
18,754430394723887 10,797006055746674
7,566901582933858 13,274278322101534
9,649005690068961 17,335072894631285
8,710485420835333 12,682041548134817
19,041763189892215 12,63793736487355
7,649335870637714 11,167310528419595
7,762608369878146 17,280569696720693
7,970358684173902 17,195764356257254
8,818680863622639 12,01083905518281
18,184836228361878 12,59983572627765
11,912831726191245 1,988107488361588
7,56366910497416 15,86670619651587
12,126301592490965 2,567742718031136
18,774751984003398 11,846346125527337
9,175745781287175 16,398182996325364
18,890240901643494 12,0926988297785
18,28596144662289 10,82088398244517
17,052359819657998 10,840755244394032
8,771115885049358 13,279634667106253
11,729459829492757 1,908508391930322
12,691442946659215 2,154752507169267
12,399576886536089 2,863196921984933
8,402612093535119 13,042002046761134
7,664078493551995 12,489819557422006
11,954939144777208 1,861031576852408
7,829031816350925 16,490182062297656
16,945374103198176 11,630505942405286
7,825227270843396 15,506407481356922
11,762253227429518 1,925406653450254
8,525508217267268 16,863799388375444
8,632405985717941 11,802817553933812
11,53301354353932 2,790913416887199
11,465169147469283 1,226286376694513
8,756536550594149 12,8369781229961
17,310732378561283 10,697434882073804
9,255070458646792 16,572867489610935
9,806356279787098 16,598431148017404
17,552650361343478 11,83022100253435
8,700785525159121 11,251588234902444
13,468051461679728 1,182141554631041
18,99292519979687 11,635800158997432
9,606033427799103 16,50998125541305
7,650880213236486 17,321343166030765
18,058244085593966 10,881070101249932
17,951130983244234 10,713714204412636
17,29055105121236 12,554067044235156
9,45640811103618 15,928692221147333
9,628089222187892 12,880908014660664
12,963658689483571 3,036106597745873
7,430087647933897 16,4036669253451
8,288898822012063 15,705474659450372
18,596187088328854 11,270864332074813
8,501305435586039 16,256897118687768
9,430320356373239 12,505151261775582
7,723922532344286 12,216563629455244
13,117337987771144 2,697371978585891
13,31808323015193 2,231769443851161
13,001334982155234 2,124856060339649
18,20997275556103 11,810526164545426
8,562405720675041 12,192406109518366
7,762327672887346 16,03227067223198
8,859261118661294 11,786503401704573
12,03682475821206 2,851509513294996
17,8022459872993 12,714936058866138
12,702813405166381 2,120859983941087
9,681422752572246 12,29343372538932
12,404350400461361 2,045109658635915
12,494334884084312 1,830270840204176
9,140578166357095 16,99389338551799
7,764251242223566 12,29926648707013
18,50734026156225 12,214919843109653
18,7533103760774 12,728047970588028
19,039359144638432 11,28228034141427
18,93957235362722 11,20382742506172
12,361674429071275 3,134591249862152
8,897943881609443 15,96743612693107
12,358956386728899 1,82408336851618
9,807042731243977 16,119579200891238
8,30627624395522 11,613104059308778
11,704213319956391 2,489292071644153
18,32714810343312 10,99822049924982
12,288893039527823 1,536249895294922
7,435581379888217 11,566135484010331
7,476626697908016 15,637810440270096
18,915892549806877 11,171540550034534
8,790811205887183 12,096360988469971
7,31426603571833 11,363893476248704
16,898465929641425 11,799044971120084
18,827408450089987 11,01376055989596
12,107351023353202 1,617210695694853
8,190228612990666 12,184563999726572
9,77266758555807 16,291448950192326
7,41651313584292 15,708965134274838
18,333203179309578 11,264495714301685
18,10113408824248 10,664939422989624
17,384510385439434 12,540371281052721
7,760757348001159 16,479936759390764
12,22829149139498 2,164744245122614
9,12383029575168 12,64277065103987
13,352740756727131 3,210220815665757
9,011776517579849 15,399488543346973
8,270228619689332 12,34235592674329
9,234109221707765 12,876064652574984
12,06522976146317 3,152090113736446
19,06100976519898 11,716952707385545
13,410418346993097 3,143800325360444
18,57410292548975 11,429265840424058
13,347474874013837 2,308438833141895
12,633899356287404 2,914661877737723
12,616189076687402 1,769139447643699
9,34380417676151 16,72972540149051
13,558037708947973 3,256576862053653
9,601532976413901 16,924654070126305
12,246459548385317 2,297474753403815
13,666992704568942 1,519065445277294
17,594110929915523 11,22928589630482
11,795468211019722 2,130714164013642
9,152574761225527 12,242363139138954
11,28973821576657 2,90463235892792
8,47498106214665 12,451209198525442
18,533202812339738 11,72524017078072
8,620674085572464 12,888584974941757
18,226232636835196 11,821921992941197
12,685946951058096 1,324500320174939
7,655954589322583 12,677986842417926
9,25858603836785 12,6940020929916
12,10390541735251 3,187396419764486
11,780505011263694 2,335959129564604
8,92115823436174 16,91961067382716
8,841013636843664 12,61748556434346
8,26676008233957 11,266581664072573
9,522194744966638 17,089360943194794
11,5595572497078 2,394885788672002
9,17143060597701 13,00223025458311
7,691950231338698 16,10947882273105
18,368798793398327 11,20512726454636
8,481451825208554 15,565838785724633
9,613263223069252 17,52750440869264
12,742981615586817 2,573205806740939
8,189720525395908 17,090237573006913
9,568080721509785 16,27486564484761
7,632369419091533 15,445524173174759
8,580196298312808 11,248910687400748
8,371112090739441 12,450886304595302
9,142589685999452 13,26640911355713
16,96885348092855 12,016596444851645
8,017520935557682 15,356869934814746
9,596296153124312 15,456714503569264
18,77373230331002 11,039668525425794
18,544355682312585 10,756029640171912
12,942568747965641 3,10372521955647
9,459971721231852 15,429020266926978
16,67878262185646 10,815758254817972
12,133891787329633 1,149978315194787
13,073225778390253 1,581071494794818
13,480489530604679 1,103640750655256
18,892034734196475 12,222561810235161
9,305403044933596 12,552755152710601
18,279956799079084 11,999715158964934
9,140849291456735 12,590538909914372
8,321686958784996 15,881585979242
8,228659118827197 17,23525061195534
9,704345163341756 16,683536516880327
7,5469719897614 16,17806594100699
8,008501467190031 16,824799379032534
8,74588581223426 17,421748705104996
7,927678758164558 16,901430058585845
9,070750359657726 11,506929469611434
18,24581486754694 11,591778814803082
8,909991540711191 15,762729684112498
17,790804057204685 11,852238052608294
7,399967469690371 11,537599558822745
9,644275371597105 16,362778074928524
9,56864630513349 17,54381945220084
13,639519090546091 3,04086856474955
18,703759900487313 10,78207769251381
12,145874524456373 2,248825316287788
9,15264522085209 17,550376296857785
13,48920148943307 1,898192253587321
18,866060252394732 12,283180176887209
11,583715168134653 1,080016637717168
12,662624396545327 1,64355184521038
12,738400367168058 2,971208595693094
7,544703786955482 12,564882777989444
9,796840971548445 16,671214532349616
19,041330271125275 11,54845756198069
18,57992418521134 11,319596062397816
7,635052437753953 12,440106109750037
18,41956662708099 11,89734900592087
9,651362614119527 11,328338313747023
12,281881815509845 1,316193527095154
11,399526278676479 2,449114701036036
11,692816268547206 3,080075319088293
9,755343869461537 16,2317999503369
18,495908776000537 12,090987231213703
9,092981289337448 17,14825108236838
17,879017657581105 12,154930126858764
12,165537834314785 2,874054977075501
7,888126741884126 12,398085683455776
9,053881370295398 11,287980530349657
7,606067925187303 11,776181481998767
8,207668822032097 16,8098359494245
7,51268386587436 11,14473423314696
16,99144522267351 12,772625536610226
8,46579492060646 17,538094956906818
8,830970902858855 13,247342419229984
9,42267786002781 15,483096947369676
9,692033963858812 15,788470207101629
12,666890193965438 2,58003031547372
13,251360480465989 1,590498020086249
17,45157383668665 12,818095616247508
12,780815172468452 2,397421565992489
8,93616053756321 17,505180468784094
17,004952104223825 11,189594799419499
16,694895425869717 12,232150232775307
12,825484179415337 2,407653970191432
9,084391416545204 11,427873852570404
18,62838507869351 12,324238778133052
7,426383143313211 17,01964396559047
9,18987487859277 13,135713804859835
8,14206040903509 12,206924372400694
8,027935312351355 16,795919318770363
9,18859314704495 12,568684185262834
12,90085479108724 3,126799472642476
11,794287807216444 1,130559109906617
7,660866000535779 15,669873046095196
7,923035403697503 12,814192008934254
9,275626926665108 13,179996294120732
13,7738487441753 1,425468196321053
8,983367994428987 11,249310603992328
17,794733867189006 12,823820368628308
12,66455469276078 2,32262337618608
18,554866504447173 11,023884512035055
12,507896824822014 1,607014488883654
13,360497273359474 2,678511454507321
12,762605994639776 2,519817078818265
18,241806563243173 11,042003445995038
18,506997926195083 12,641959888694453
7,927805525451448 17,24133832329495
18,058632591569232 10,665312348679548
9,159040463787159 11,783077808604212
12,19084670124714 2,950428482932226
7,584386981883075 17,183347281216896
8,626733710266668 11,660342295423677
9,533942301700144 16,485013975775274
18,42841916370802 10,932025697133117
7,882197591359902 11,618438687298836
12,883063385935154 3,253446909535126
9,572060860701466 16,8299887142184
9,373179583365665 11,151679399265584
9,57003215298709 11,398813631271503
18,417267510463265 12,336638153928629
9,355279129786387 11,270303066108792
18,41510688889554 10,636787197596547
17,614488282365485 11,459017446163926
13,57753881753292 2,674877329622904
9,038866278966479 11,396313617045108
