0,295794 0,444331
7,546240 -0,330051
0,823435 1,324896
1,353291 1,937521
0,925257 2,504148
0,763434 1,050355
0,535610 2,576673
-0,120993 1,312832
-0,114233 0,767562
7,759542 1,302580
0,638571 0,828657
1,366007 1,083725
0,572663 1,244166
1,001332 1,647308
1,931978 0,954282
7,433589 1,001580
7,385585 0,620906
7,006439 0,486856
1,386674 2,154112
1,372496 1,424051
1,755547 1,947321
1,642686 2,516441
7,728375 0,587956
8,201293 -0,002037
1,999082 1,017121
6,732096 1,512463
7,843596 0,906712
7,978030 1,888393
6,469003 0,033852
-0,610900 2,205046
1,219639 0,871123
6,830636 -0,210225
7,891339 1,422385
0,741083 0,526548
6,853052 0,221055
1,170474 1,131384
7,734500 1,031906
1,327713 2,381709
0,629231 1,400257
8,653121 0,959805
8,653237 1,131878
1,359756 0,364006
0,677276 2,361307
0,072991 1,978078
7,117153 0,861331
0,968557 1,499091
0,024454 1,455760
0,146992 1,525081
7,002621 0,446183
-0,131731 1,043578
7,996110 0,052091
8,651232 0,555546
8,086770 1,081640
6,754015 -0,124090
0,430417 1,174450
0,801131 1,040881
7,666753 -0,268314
-0,110408 1,143932
1,267349 1,001554
7,248995 -0,227753
7,090921 0,442802
7,070338 1,200725
1,628932 1,350576
7,432139 0,125533
7,724958 1,229103
-0,241158 1,630182
1,285337 2,361577
6,257143 0,545719
7,581913 0,349971
8,165744 1,383739
-0,659133 1,925145
1,643506 2,059066
0,523033 1,508691
0,173259 0,572021
8,170066 0,248759
8,672664 0,495740
7,798296 1,248331
0,859955 1,095927
8,194472 0,676741
1,402742 2,053899
7,656118 0,878476
7,049464 0,578979
8,114425 -0,593162
0,644498 1,495350
1,382712 2,630316
7,922956 0,020833
0,993736 1,196733
8,606251 -0,013355
0,308477 0,410819
6,906259 -0,447654
7,017383 -0,829901
-0,329986 0,672010
7,212307 -0,119574
8,034102 0,654999
6,185822 0,792744
0,406182 1,944053
0,078817 1,881418
0,979100 0,432334
7,372939 -0,725615
0,956668 0,768496
-0,018604 1,611180
0,832086 2,649538
7,130191 1,143524
0,299447 1,890250
0,348841 1,783634
6,919736 0,036553
-0,258177 0,754197
1,333862 1,334186
0,074612 1,653224
1,423922 1,025023
7,182158 0,212955
7,752501 0,529197
-0,242809 1,456362
1,133924 0,313727
-0,240730 0,564145
7,966895 0,857574
6,534859 0,569876
7,313708 1,276961
0,712696 0,942626
7,627008 -0,501241
0,660002 0,970638
1,029452 2,199450
7,330319 0,474663
7,040159 1,130991
7,473823 -0,536727
0,528930 1,627222
0,418638 1,726982
7,313329 0,545282
1,342492 1,733383
7,193080 0,368573
-0,165967 0,958106
1,420881 1,452661
8,273206 0,187901
0,690511 1,970646
7,214489 -0,577672
7,543508 -0,129083
0,269780 0,543027
0,119804 1,230224
1,737756 2,169661
7,863194 1,006170
0,638700 1,291597
7,134527 1,499465
6,880176 -0,777256
7,967990 0,903907
0,595697 0,358596
7,217971 0,264259
0,907881 0,970118
0,649498 2,571323
7,736732 -0,454432
0,809778 2,504925
0,538494 0,445337
0,903861 2,183881
6,700085 0,049266
8,309873 0,543761
0,611519 1,281319
1,113992 0,263758
6,953156 -0,234884
8,320167 0,528992
-0,028393 1,284768
8,640377 0,991121
1,248932 1,423978
7,997393 1,239264
0,796819 2,547675
0,627472 1,621674
8,058447 -0,142462
0,913893 0,808415
0,704636 1,100473
0,082173 1,187231
0,557637 1,454963
0,412788 2,380016
8,193959 0,087463
0,756215 2,200636
5,998821 1,328919
7,940452 0,768941
7,217720 0,984057
7,516385 0,261099
0,457346 1,120775
1,015328 1,231035
1,288719 1,258916
8,792199 0,252872
6,866181 0,463739
6,556706 0,654482
0,924577 1,130507
0,304949 0,220753
6,147595 0,741598
7,898906 0,692340
0,881613 1,817137
0,711947 1,609000
0,315206 0,953635
1,029061 1,361156
7,182941 0,727995
7,624996 1,188562
7,640949 0,849813
6,677951 0,441240
6,429369 0,696821
-0,148646 1,471762
0,829009 1,753899
7,751926 0,819706
0,500582 1,813379
6,910294 1,258146
1,031852 2,393253
-0,326616 1,360236
7,725633 1,692754
0,689590 1,353151
1,075826 2,061169
-0,534015 1,288697
-0,542388 1,546508
-0,061702 0,196316
7,851391 0,718118
8,047710 0,395074
7,789332 -0,322038
7,314166 0,536036
7,731220 0,108847
-0,083284 1,200214
0,263433 2,303108
7,467920 -0,542414
8,231840 -0,657589
6,868357 0,324134
7,276118 -0,100477
0,892539 1,805114
7,237400 1,057437
0,794015 1,453251
1,446301 0,928082
0,807503 1,399141
7,361568 0,804399
7,769658 0,000663
8,615066 0,957309
-0,011061 0,222223
1,589702 1,203120
8,513344 1,305980
7,048635 0,532887
8,532737 1,156634
0,725107 1,588004
7,289438 0,025409
7,551890 0,554621
7,380248 -0,283046
1,482028 1,646595
0,489438 1,565668
7,729364 0,585008
7,841759 0,329024
1,293959 1,591695
6,326238 1,629665
0,532793 1,644016
8,097660 -0,239099
1,370133 0,992404
1,185073 2,005933
0,605355 1,803903
1,195036 0,837173
7,786329 0,902453
7,790031 -0,326872
7,110961 -0,758265
7,513598 1,381293
8,024260 -0,045351
0,039076 2,515412
-0,242474 2,118578
0,377749 1,817515
6,588839 0,164240
1,371413 1,092140
1,680626 1,450003
0,726775 0,587870
8,718257 0,284099
1,383014 1,459898
7,216857 1,219850
7,429186 1,487686
7,545606 0,938055
8,248302 0,019966
-0,045018 1,585270
7,486620 0,426613
1,570853 1,168379
7,444093 1,747181
7,444908 0,573605
7,397288 0,803842
7,936507 0,412684
7,377987 -0,163826
-0,467971 1,115068
8,424034 0,718636
1,380003 1,339814
1,623459 0,453131
6,402350 0,592945
0,680485 2,513941
1,752377 2,221750
0,199737 2,560202
8,361292 0,513201
0,632520 2,356797
-0,378131 0,657509
-0,031441 1,029233
1,455239 2,134757
7,736977 -0,489620
7,457740 -0,251826
0,758181 1,017594
1,708823 1,433596
7,415105 -0,164717
0,905346 0,845298
0,830846 1,611074
8,543143 0,745086
0,378685 1,930482
0,865244 1,460886
6,516055 0,049220
7,077989 -0,139369
7,338587 1,383374
0,036533 1,444584
0,714673 2,234682
8,353840 0,614871
7,086539 0,135170
7,744529 -0,092330
7,219425 0,543209
7,354997 -0,006544
0,210942 1,204396
0,777025 1,523674
6,833206 0,497031
1,719603 1,800631
1,283670 2,008568
7,324556 0,767216
6,090327 -0,075385
0,840119 0,911830
6,967058 0,882329
0,855863 1,563961
8,287261 0,335992
1,573230 1,149149
0,059720 1,274618
0,918079 2,372830
7,166034 0,863151
8,539264 -0,293116
1,151283 1,777770
1,186776 0,130708
7,199647 -0,280231
7,822146 0,303363
0,406306 0,668661
-0,159405 1,517013
1,269796 1,711086
0,534002 1,160132
8,288785 0,360947
1,723528 0,711713
0,232526 2,594192
8,662195 -0,431396
8,507264 1,420496
1,511478 1,057703
0,012253 1,532331
7,924163 0,767836
0,868499 1,605115
7,423746 0,574106
-0,601394 1,625523
0,201798 1,073825
0,549567 1,102054
1,683564 1,532435
6,912671 0,348180
0,970257 1,464446
0,764391 0,398819
8,035381 -0,020162
-0,230074 1,288542
1,153357 1,639523
0,936094 1,706018
7,644229 0,665714
1,670969 1,623915
0,482564 1,442567
1,501175 1,077593
1,297533 1,214858
0,719869 0,937406
7,932464 -0,727284
7,883400 0,354639
7,313685 -0,495135
7,023033 -0,416355
7,127111 0,524749
0,797483 0,593681
1,393936 1,010108
0,671261 2,686348
1,340552 1,083352
6,453198 1,743117
7,092438 1,625647
6,129083 0,175236
7,845699 0,500372
7,554661 0,851003
0,724628 0,817226
8,619173 -0,106235
7,757943 0,076136
7,576430 1,350761
1,518733 1,977025
6,080225 1,204243
-0,265302 0,881577
1,361128 1,508368
0,692467 2,642233
8,202739 1,016479
6,999446 0,782486
7,084561 -0,168348
0,906228 1,624992
7,621755 -0,106323
7,671737 1,287533
0,294338 1,569492
1,067382 1,566488
-0,476101 1,203955
0,436599 1,703573
7,031476 0,168635
0,642638 1,324070
1,206152 1,250159
8,101231 0,351127
0,799214 2,031606
0,906037 1,104155
1,090411 2,132548
1,626827 1,458576
7,466029 -0,623330
7,831482 1,384472
1,644005 1,991255
7,411495 0,500373
0,875648 0,003081
1,103249 1,331218
-0,356143 2,388709
0,626750 0,670811
-0,400184 1,417693
0,755202 0,211806
6,698962 1,275032
7,094354 -0,217948
0,992687 1,740972
6,465016 -0,579648
7,659946 1,019650
6,759514 0,215181
7,700725 -0,537806
7,335239 0,780630
0,724151 2,071219
-0,641528 0,262529
7,129920 -0,000150
7,246120 1,132402
0,905657 1,074678
7,802921 0,476613
0,537353 1,696112
1,143834 0,047263
6,608811 0,804395
7,637313 0,613411
0,680943 1,800446
7,418622 -0,683154
1,700385 2,169590
0,668487 0,872031
0,037446 0,685239
0,574398 1,316258
6,625006 0,496627
7,572681 0,721913
0,776902 1,805158
0,635448 1,465810
8,140583 0,520021
-0,269758 2,165959
8,003391 -0,456829
0,151656 1,905441
8,066164 0,744580
6,930663 0,845241
0,225541 1,616804
-0,033669 1,485161
0,879864 0,512711
1,348013 1,384623
1,523010 2,324956
1,379936 0,910333
0,559932 1,919652
0,912983 0,956791
-0,152200 1,373197
8,255969 1,098060
1,537011 1,560623
8,074685 1,587019
0,604971 1,648185
7,295950 0,963020
0,318309 2,362067
8,315804 0,321064
6,572131 0,459451
7,812783 -0,257431
0,910623 1,674522
7,786057 0,210081
0,641683 2,621735
0,306988 1,051739
7,790077 0,807941
0,468892 1,630288
-0,003541 1,157295
-0,465367 1,905360
6,792098 0,877431
6,981377 -0,160736
6,919568 0,588651
8,166466 1,041147
8,304739 1,424370
7,462728 0,028166
7,038572 0,537729
8,252665 0,121064
-0,356324 0,905542
8,028564 1,093386
1,949719 1,908386
0,452937 1,694840
7,489564 0,835284
8,266923 1,390983
-0,285884 1,209728
0,132942 1,407726
1,246554 2,244604
8,093897 0,010417
-0,047539 1,793863
7,080477 0,163748
6,788398 0,277104
0,874480 0,870872
0,562820 0,561211
-0,301139 0,914107
0,180920 2,266694
0,909815 1,629297
0,662522 0,344397
-0,006621 0,225609
8,183530 0,688321
0,036765 1,117248
6,877824 1,152466
0,438844 2,824846
7,066856 -0,742452
8,265672 0,823813
7,203684 0,466619
6,898777 0,346847
7,797190 0,977450
6,728375 -0,161165
8,438791 0,227755
1,509434 1,057306
1,053496 0,878262
0,514310 2,086197
2,006170 2,388833
7,144474 -0,449045
0,215849 1,026005
8,542867 0,043859
6,837710 0,053829
8,228733 1,012609
1,304852 1,063340
0,414969 2,496625
6,626948 -0,246022
6,845023 -0,112894
7,207371 1,623734
7,114275 1,324539
1,246156 0,743131
7,601022 0,671369
7,635383 0,943060
7,453814 1,276700
0,804667 1,671579
8,027201 1,324539
0,613885 1,324173
7,890875 -0,638575
7,202353 -0,066659
0,448112 1,691762
7,445590 0,436145
7,416170 1,085560
7,520905 -0,408355
7,068832 0,895524
6,360749 0,397490
0,889636 1,915541
1,533298 0,756452
7,905127 -0,322050
-0,146244 2,425717
8,432895 0,364107
0,378690 1,247467
1,199967 2,262804
0,766347 1,870089
6,742889 0,232079
7,412801 0,056412
0,348421 0,234634
0,764280 1,536534
7,619956 -0,296184
0,004890 2,817155
8,017106 0,889984
1,288439 0,870529
0,536617 1,659387
1,019819 2,085532
-0,466877 0,126339
7,848267 0,042776
7,902742 -0,026433
0,989254 2,175604
7,928716 0,956015
6,981447 1,813567
0,897930 1,221132
1,120321 1,955312
0,279978 2,522445
7,747985 0,940148
7,265483 -0,158139
1,970536 1,466982
7,168212 -0,578744
0,816569 1,614271
7,854705 0,619028
1,006745 1,253867
0,250228 1,117805
8,548301 0,135721
-0,222192 2,295847
7,887251 0,047699
1,133433 2,808233
7,588041 1,219848
0,918926 1,647356
0,248740 0,297966
7,762788 0,405198
8,372295 1,029517
8,438300 1,165777
6,393075 1,293773
7,484257 0,843764
7,431354 0,808004
6,359280 0,532120
1,154875 1,406001
6,329541 -0,453335
7,521857 -0,310225
7,288626 0,095847
0,582966 1,517145
7,734396 0,732203
7,918598 -0,715723
0,370063 1,464246
7,476263 0,782107
0,979206 0,683381
7,712028 0,978618
1,991948 1,784260
6,934623 -0,353576
7,250468 0,014616
0,356132 0,451555
1,331447 0,882914
7,127962 -0,058295
8,382096 0,642567
7,416733 0,418258
0,927132 2,092952
1,896116 1,785520
7,866090 0,029240
1,007751 1,191751
-0,020088 0,545225
0,604022 1,147936
0,220860 0,929092
-0,428091 1,746680
1,494659 0,695435
7,639216 1,179407
0,602203 1,965379
1,374674 1,433897
6,693970 1,091676
7,403223 1,273659
7,706630 1,140024
0,747405 1,882565
6,673830 1,364497
7,211640 -0,304588
6,243411 1,846552
6,471889 0,360155
0,478186 1,169198
8,437034 0,602998
-0,363371 0,921032
1,887689 1,317906
0,529787 1,429756
8,521886 1,577442
1,242680 1,425950
8,556451 0,119154
-0,617002 1,335576
1,432567 0,194918
0,784902 2,267745
7,912857 0,817670
7,214372 -0,029256
7,172215 0,204969
0,201094 1,977477
1,482011 1,756409
1,636404 1,037732
0,483497 0,876202
1,710777 1,866029
6,523077 1,270270
8,573360 -0,065643
7,956267 0,223084
6,987064 -0,532486
8,220889 0,887300
-0,458186 1,601846
-0,256654 1,145447
7,413208 -0,754512
7,552841 0,152786
6,842700 -0,039353
8,457601 -0,026649
7,176302 1,217871
7,841369 1,298767
1,539426 1,668313
-0,126520 1,890543
7,948841 0,517261
7,911114 0,375451
0,670321 1,370045
7,361437 -0,482862
7,983343 1,284990
6,919220 0,762982
8,164917 -0,592618
0,207255 1,698599
7,077591 -0,209056
6,541785 -0,706282
7,341732 1,731832
7,924923 0,799410
7,460349 0,666621
0,635564 1,681190
-0,197322 1,222768
0,586048 2,007898
0,283186 0,940046
-0,348417 0,921401
6,771881 1,620280
-0,124801 1,412661
7,701782 1,093149
6,505629 -0,195671
6,524630 -0,008364
0,879481 0,694293
0,653556 2,322012
-0,332823 1,301034
0,212422 0,963983
0,053699 1,128143
0,672278 2,323124
6,452155 0,200690
1,210710 1,310874
7,334906 1,486095
0,114438 1,153143
7,929421 0,667558
0,249806 1,560464
1,389587 1,188673
0,701421 1,847645
8,275098 1,169351
7,809580 -0,981515
7,517002 1,079031
7,416017 0,610498
1,711157 1,345144
-0,330971 1,427489
1,452312 1,485570
1,863382 1,598009
8,647888 0,888248
7,692257 0,274265
-0,329377 2,160799
1,267276 0,520214
6,745351 0,487169
7,261688 0,712487
0,986736 0,323633
1,530682 0,235075
7,352587 1,355039
0,158638 0,342192
0,836540 1,500738
1,771264 1,351414
0,849718 1,346243
8,494262 -0,394335
-0,553101 2,298219
0,385692 1,643884
7,407466 1,078700
7,779992 -0,702398
6,899553 -0,914777
-0,038003 1,966753
0,208262 0,476181
7,398992 0,050103
1,616588 1,871959
-0,048715 0,980428
0,999907 0,840552
0,735355 0,984434
7,032566 1,174923
7,669768 0,420921
0,974491 1,645360
-0,165919 1,232594
7,829861 0,559219
8,178131 0,730248
0,101657 2,132433
-0,375849 2,288035
6,977371 0,276756
7,488975 0,283622
7,628587 0,485406
1,023163 2,132419
7,805673 0,317342
1,457748 0,674606
7,097005 -0,118789
8,845089 -0,211043
7,697116 0,180827
6,564348 0,520660
7,098942 0,829288
-0,422904 1,929564
7,561451 0,251804
7,332615 0,734965
6,503217 1,144475
0,600051 0,836585
-0,040260 1,690488
0,814386 1,125913
6,986734 1,859310
0,968240 1,036110
6,248265 -0,017505
7,072741 0,117981
7,303468 0,073500
0,792431 0,242447
0,674355 1,098006
-0,045274 0,556096
7,655804 0,865135
7,346515 1,357803
0,585407 1,553389
0,407869 1,193871
8,077845 0,773513
-0,305801 2,169834
0,814303 1,722387
6,556914 0,687032
0,380742 2,009154
6,800958 -0,455636
7,575824 0,084895
1,199664 1,904243
8,221989 -0,459457
0,491037 0,845014
6,428328 0,190416
0,738664 0,569674
1,101244 1,292230
0,850220 0,354260
7,423229 1,699386
8,013515 0,713436
8,383217 0,177815
6,641570 -0,048673
7,319363 -0,382178
6,874348 0,226375
8,529977 1,353262
1,036848 0,961970
7,514655 0,141715
-0,368507 2,671065
2,087870 0,162571
7,503644 1,797083
8,331864 1,018680
6,372554 1,785819
7,938449 0,793269
6,361338 0,241505
-0,128548 0,652823
6,448746 0,449017
7,044887 0,753731
0,920579 1,413577
7,576152 1,146151
6,851988 0,484282
8,182447 1,148162
7,121831 0,607714
0,680814 1,491787
1,519277 1,560666
0,534133 1,001933
7,460719 0,186950
1,391203 2,396580
7,439953 1,623164
8,678093 -0,487558
-0,028663 0,929693
0,426351 2,117379
7,766127 0,703207
-0,626806 0,432487
0,855981 1,463977
7,358444 0,741638
8,767842 -0,701919
6,049167 0,183744
0,690950 0,776174
0,645194 1,489177
6,873580 -0,847924
1,323991 1,131718
7,237870 0,208536
6,710751 1,179514
8,079877 0,820342
7,805438 1,464807
1,665105 1,536753
7,819008 0,194337
6,182560 -0,551993
0,731651 0,533191
6,793994 0,427815
0,563620 0,501659
1,773122 1,840452
6,710450 1,626530
7,810722 1,303408
8,421697 0,839096
0,786370 2,392117
6,625017 -0,173657
7,669898 1,223380
7,693697 1,269652
6,235461 0,850088
8,733271 -0,008077
6,427945 0,573872
8,092214 0,557074
0,117943 1,314523
1,434489 0,764732
0,810425 0,869231
-0,303914 1,311745
1,204363 1,668487
1,453969 1,005058
1,396241 2,317224
0,391741 1,105280
0,834107 1,086973
1,538334 1,547643
7,339804 1,307599
8,146414 1,378250
0,046582 0,115003
6,847425 0,036220
0,015466 2,689585
-0,230839 2,077708
1,039999 1,764458
-0,526238 1,239035
-0,550210 1,389907
7,326873 1,205294
0,331012 1,354354
1,149831 0,630562
6,203591 1,496921
6,975432 0,492608
