12.023381832946502 -1.7670257249956836
7.996117374653349 -2.437460676653487
0.7240848942308653 -5.351465049124237
7.244486847575746 -3.3345304755891396
4.150061096502419 -6.5421266259835065
11.198124278890406 -1.0230537083068378
11.07733491026711 -2.1896488007111254
-0.0251495155004926 -6.033937848333312
3.3639743037056737 -6.420609098677846
-1.7134724134215136 -5.485454263460052
-0.0693376792842769 -4.173464621685536
2.3122983312229675 -5.399026700467641
8.782558527814931 -0.8362264384923006
-0.6346984754238942 -4.194951212800992
-1.317954128672869 -4.93678921489821
8.595760175640137 -3.569284277811151
-0.242671267760522 -4.262948945028277
11.546590704968677 -1.612319875600247
1.1058912849197384 -6.358146552863525
10.360061555676898 -2.2799922292278394
9.174053873913575 -3.127565125268128
0.6734529595929815 -3.241345018287685
1.241373663814604 -4.280666956744392
2.3445730660158954 -4.49329480288398
-2.157981732044561 -6.070087686814959
0.5390066798372629 -5.846297273175332
-1.0721690558797867 -5.7105036080366
3.0358150855674495 -6.34771893184349
9.712183424208986 -0.1866998091362621
0.6023484877116572 -5.980112117365803
0.6033735686303024 -3.3602883002072557
1.1683886454949992 -4.209896841986342
-2.1563025177191215 -6.41789240518731
9.924475418410724 -1.9948714908946537
10.608007590941746 -0.5620524490942947
11.543076554620276 -3.530872451658015
0.9510455403193651 -3.3600394203405326
-0.0736055218787312 -6.069775419838441
1.251296236434869 -6.268592311368938
7.480305684622628 -2.4316099884562683
0.8228886037142003 -5.063422988495324
10.036364832900702 0.0837807644963451
11.460001223720319 -3.3349766791727657
1.7087741599535273 -6.229970566442471
11.471570905172635 -1.9397765876282942
0.1634494675169388 -5.693587511299674
9.72328281483127 -3.374556398354722
2.1212074319446192 -6.09109786580302
-1.29319591824864 -6.418689778260204
2.3397311227432547 -5.185291270930882
9.094564816847685 -2.7076591606777116
12.34605391808429 -3.621924884155873
-1.1090370758942416 -6.033325451133839
-0.0768470124546367 -3.9845469062544523
-0.8849692367672832 -4.280144785071719
1.989564678050645 -6.465867654555923
9.917959280950111 -2.9652788573187663
0.0900035306045018 -6.0658087088259665
1.8028375251991298 -4.87400578533163
9.264982805412453 -3.0009478025298693
2.019423962895406 -5.133310352605619
-1.578026755636206 -6.669003564972103
1.9896832524063657 -4.983957311414858
1.4007768247785901 -5.135461914363569
11.025517837672735 -0.7874885806412069
6.760602280246126 -3.396370399537642
-0.3393575692902237 -5.668890710125024
12.052756174475924 -2.432023503939758
11.566984473782435 -3.0512576912911973
1.125455912141755 -3.5974526544049774
9.261601246979188 -1.4101650237505343
10.509569369019404 -3.2324445910181865
11.629769057844795 -2.7197310647786326
2.0486418032457085 -3.7444890230518864
9.830361035339624 -1.8993785652854094
8.949551144152414 -1.07760410269117
2.07535387063804 -4.443931835839812
-1.0616988625569275 -4.453874851206055
12.628831834272283 -3.69927244519605
9.32589109512446 -2.8502076516614188
12.691128464307454 -2.4876253918899467
9.978101687379354 -3.512665683123094
0.348928938990124 -5.362607707889353
-2.1249375334039455 -6.219951114089145
-1.7294026069498083 -5.467499225143863
3.8245274894066092 -6.07591017995363
11.05147943482011 -2.741607727167652
9.111365390431287 -2.7963593356700027
10.592532996783874 -3.6739391712130822
9.774969229698904 -1.2661007158522808
2.5710629481815386 -5.987963386605957
10.100133209693574 -0.7657915882420819
2.045529834026069 -6.313409846610099
9.068098553483486 -2.4062906283277536
3.2781494579485146 -5.6775203315735885
9.100179048738928 -0.5895889351757806
9.38980170773057 -1.291241710004713
1.5199612637768374 -4.408325982850595
1.7665226842625523 -6.475960866583863
-2.348203050529898 -6.116497903969646
1.2476797777894486 -5.716906929358965
-3.0739118665904854 -6.611480095618515
8.33988934892455 -3.455691630105578
9.180065428939047 -1.3334583557422475
8.81498501199702 -3.192839596294705
-0.2745151762703641 -6.515893354597064
8.633633471139495 -0.9319853505671376
1.993874974243825 -4.11428337546266
1.4481672767138745 -5.382091813672663
8.946557134444783 -2.966696754400337
1.3084716614474572 -3.940745945329555
7.204782012049399 -3.320705439594219
2.6552336655560134 -5.6924979442635095
12.927207387496052 -2.961634973492052
-1.2257495813646964 -4.852792703282957
1.5544842663785483 -3.317506722159174
1.0307810285612709 -2.6328001090897013
3.593342697122626 -5.926696098734131
0.5661432044392866 -6.692833855193187
9.39112282365461 -2.365164337204576
-0.3570885025408645 -6.550018041565703
10.940519589090426 -3.648365078674109
9.142395971330753 -0.891202111340914
1.4464340652609933 -6.5216819150665
9.775048539634266 -3.0500974337230016
1.293146955869221 -4.7930715117262235
1.4897897064272858 -3.9290051300619497
-0.8707023241002748 -4.82954198292448
9.4094801272819 -0.1716877300274369
0.0764954237279397 -4.953910730239699
10.126038017610101 -0.9244272381377259
-0.79401186751205 -5.126226010541187
12.111437902697602 -3.5167095440468743
9.629054026234895 -2.1505799918834154
-1.074264820007362 -5.177172702050691
2.864935757342682 -5.1412826924744195
9.373716633307016 -3.102077309455941
1.9498620286145754 -5.16005766537666
0.5254760658882783 -3.5984407974864174
10.48737933024817 -1.343118622241527
0.9222259015010569 -5.416062405747816
12.273389544617212 -3.1964751991781393
9.015918340643065 -1.751444625170004
7.721964368746682 -2.0920995289428697
1.602793744196817 -4.183328467605552
2.4193245559383145 -4.3526474416552325
0.4781164398621132 -6.579034914128684
9.872358095424218 -2.526170366087651
10.503740081156723 -0.1402620832868937
10.352496703095055 0.0445342704329593
10.051559863523753 -1.8910096713068014
2.9552377814486688 -5.57306956472832
10.559021912033211 -3.060022667609453
8.02534975741949 -2.584103840033699
9.029669185052752 -1.751375424639578
10.781927984806046 -2.1644643671762323
4.17204913765371 -3.604261044483525
0.3931314375039735 -6.188225756020406
-1.2274123542400046 -5.402652473475153
6.360404573688198 -3.3031258506536396
1.6829149541794306 -6.351210723723485
8.529006079357027 -2.239381722620931
11.359798846370918 -2.4332474580377346
11.473017370310687 -2.5409929889866567
-2.8599900610276996 -6.358662659587798
-2.1257295907340072 -5.930481738724827
9.82711852637288 0.1679615264587493
0.2776268859815937 -3.8313182226805664
10.342681102488521 -0.7871188015904214
2.097466653043734 -5.123062872671171
10.477310611926574 -0.339676168130018
9.830790055640712 -0.1839572973312592
-1.2789535003406856 -4.598378241856419
12.015557663331776 -2.2890908695428362
9.644296848134092 -1.9335165076657497
7.3077880236239565 -2.282938731514685
11.112491650867746 -2.3659965616918077
2.702036879239605 -5.874122059459369
7.368101416067668 -2.5368232033272267
-2.244674263594377 -6.520079243879434
8.355334606757923 -2.5165414108671795
-1.9825508954800695 -3.4704631055211763
10.359671250213367 -1.0232400455114543
-1.5298860982443274 -5.815127830549331
2.1958202425298583 -4.090903408945733
9.842226732816123 -3.179999470303388
8.55370070012306 -3.4251804756412345
10.848487593500836 -3.578841924416256
9.090669582387946 -2.4605007906725866
10.284132377171732 -0.7097004784055948
12.150261666691156 -2.945420718167457
10.303789821788117 -0.7852166608235959
11.809010617245715 -2.359530084442916
11.02325595401981 -3.4371984644401334
1.4232439043928955 -3.319408397118335
1.478391143207972 -4.832222676652727
10.092987523772774 0.3277771014554475
1.5025628091739827 -5.592117977999973
-2.9268930649914227 -6.650454481261593
9.701135520520397 -2.9724798534932693
0.8483728148844831 -5.889881483547402
0.3536369354049233 -5.756250790602272
9.80116652535756 -0.7513871784293051
1.7596940933597398 -3.916558614143207
-2.0088713443210944 -3.3039342028833727
1.2241293142330143 -5.521621224134091
-0.4177637819813332 -5.380908485304322
10.674693625395141 -2.9944603506176293
9.485181739607903 -0.0801934840967528
8.494900619124149 -3.0650923732015922
0.1652691997119348 -5.870192718371858
-0.3200009384248519 -3.877071891147384
-2.0022755952997704 -5.748560542689951
11.372600496995425 -1.2600172649139492
8.52127222854283 -2.374875010298829
13.119844567171075 -3.363610748585119
-0.6137868317795836 -6.630229866982996
11.807788668282974 -2.491695580453889
-1.8941375625443866 -6.558955883797563
12.252321495715277 -3.4587472098525898
2.9761191437707906 -6.384163698750583
9.788467134092377 -3.1582392007192053
9.972226803033585 -0.013328271281794
-1.1755992684655594 -4.798215837748559
10.435885196636677 -3.097592499005389
8.380507262619593 -1.7252656292656996
11.587917549337769 -1.437730153301344
-0.1233641722491627 -4.784922261882307
11.869080495876348 -3.1552734425863664
12.806647573534852 -3.271947551603263
9.636145794478798 -3.6908480308563
9.554552327321034 -2.309968981606575
11.962236319218757 -3.3984249476686625
2.446719685302552 -5.530688350386813
9.748361308616039 -0.7386845480195933
11.524079457279733 -2.4261177597855603
13.056194225903704 -0.7133022554300416
-1.390847130965567 -5.423128869880403
9.440177117068181 -1.678092116370239
-1.2833020977509657 -5.186151208898029
11.734226963867494 -2.6393889163494246
1.0136741974498789 -4.702249151773855
11.892556956579217 -2.9494988051936564
8.407464410325682 -3.671561707545092
11.532572356494201 -2.2760827666100787
2.2001629318390035 -5.868114009406274
10.309681832599681 -2.134668349025213
7.605158737998473 -2.6375891312230655
1.089194623306001 -3.24279355404073
1.1000077445404177 -6.607201675552703
2.242354481399253 -4.224642868181001
12.900852308769132 -2.8633972866245916
-2.1884202101582875 -6.222595350479836
-1.8523317940217463 -5.466407753318899
8.237651660323735 -3.579356136292701
-1.9880585920560494 -5.631930459584835
10.159947804399987 -1.2827626016660607
9.916522007049702 -3.0148105014008464
2.9077847068736693 -5.807166560477249
1.5491513238001653 -3.347638351837351
0.4077391781350508 -5.09473171201319
12.264374716704381 -2.4404130414391068
0.8176665518964642 -3.438606634955224
11.331822329236806 -3.468927157287191
2.088183026391787 -4.735986540033174
-4.397178935613109 3.3212451530662164
1.5572876159665228 -5.96286054400236
0.7414382167396486 -6.406147936984761
-0.068323428538831 -5.233240781793031
11.720219146316815 -1.5593401232922155
9.217462247193005 -0.4439682177820442
9.609699103538633 -3.65672017924842
10.948582429603052 -2.664727534444472
9.97047304461851 -2.0667924952485652
11.62078885812073 -2.5148901683830127
6.701634573411539 -2.9514281474469506
0.8820815980803147 -3.8397422328480753
11.773856981563815 -1.3536113314032177
7.774488744112128 -2.912038502493903
-0.3646740716540805 -5.0424144498891454
-1.0542149899312026 -6.30353854425743
2.952566275966874 -5.298436464410223
-0.7899405348668969 -5.097667325290727
1.8546132121326533 -6.235962913248802
0.495670800210143 -2.9019783418887646
10.364002630189653 -3.671721931908941
1.1102127182056778 -6.5739427313727195
8.422830141262311 -3.4627300710213933
1.5613542433126104 -3.521785050926375
-0.9150972308171329 -5.211503535971623
10.939943841800487 -0.3796814055682612
8.94264027105036 -3.532258683982121
-4.2852887570314016 3.371103521873527
-2.1401000128784853 -6.662390051121622
-2.62622720340582 -6.636823327577599
12.051967622995738 -2.4663211408997667
1.7972781801904056 -4.423331075128553
0.3347902966209518 -5.762042874300283
-1.1914880604635427 -6.3195587245831595
1.4413454360142188 -4.955459394150511
10.702085712270211 -1.7160668266295807
10.68093087120433 -3.3952450650020785
1.3156641362990553 -6.223582459195442
3.3971737640430004 -5.6332516744073615
1.0383476838657253 -2.886929340195987
3.100549005847001 -6.334628670989316
-0.0447840267480679 -6.334919411629499
-2.06938049859236 -3.434859709003747
0.1569380589890441 -4.492064804865808
2.449409586026161 -5.7251032263423145
2.478032261004962 -5.239020118100204
0.9458332999494014 -6.457721957779003
11.056327200487333 -3.6732700776211087
-0.4407618723356432 -6.3758586498099605
11.084999563352653 -3.406485658420364
11.700641555233105 -2.099661739931418
2.2228409432621126 -4.309640073336749
10.515376607646065 -3.1042937076707755
0.1035973802560029 -3.573440683168419
2.4470168409600177 -5.6572742146239
9.941257561708069 -2.9986253058922134
6.841308528233036 -3.0105866777636137
3.0980165769694157 -5.715242588904042
11.07600900951626 -2.452034924654859
-2.269365586883806 -5.842651563568678
-1.9053306296329204 -3.4683030334625378
1.0110073219995237 -5.425806651059982
-1.8979903900435113 -5.999274015379142
2.27395365046939 -6.492363170330969
1.6217900805196386 -5.9838224692009865
7.6842421962150596 -2.5655487949663054
0.7192041491190869 -5.4301855042170795
12.48144544310581 -2.714194277502619
-4.384253786128332 3.469366693838336
3.218692904937072 -5.40937102431485
1.673897397651049 -5.675416344775669
3.2881262591454266 -6.368346373082979
1.572395823965187 -5.852145245438621
11.265596494950527 -3.587809321506154
9.201160519641869 -2.18916789288238
0.0376127860783868 -6.2154553879323835
12.104890995416167 -3.4190998055772597
-0.2572593911408021 -4.936523006304395
6.661466978505745 -3.256803034983639
8.804654676785024 -3.2197069890101186
2.7482081872980633 -5.927681609673853
-2.119073545802981 -5.582453221159854
9.636422957582736 -2.812622351374385
7.1336121375581865 -3.243696033817892
1.7687144513022277 -5.75630972713474
13.293008001910113 -3.4018788529093524
9.877873598844387 -1.959067199975668
12.356484525349064 -3.533721596924867
8.676903697510095 -1.8711017212933467
8.767901895388787 -2.8334644077664874
11.067152318252445 -2.5114729288163624
-2.9244148516082324 -6.588715405943042
3.1296982653363634 -6.052908089684566
9.062181441979941 -0.6847610059053877
1.098850313345474 -3.4411592105293436
8.652978970287998 -2.6331034676936778
-0.8900360722484182 -6.083178624114682
0.1097512816550801 -5.710264093895735
10.383967439820188 -1.348850258011885
4.026946104941471 -3.5474174062032997
2.8547541581531917 -4.945784074906631
3.541942840875538 -5.62096444330124
12.16004101188821 -2.9609379324702174
1.752046495441851 -3.7903840008391594
-0.3335906269219853 -5.0834615159954595
11.112616957065457 -2.2810376833342234
13.1881662183653 -0.6035881738019678
10.520397710513082 -1.2022136435724924
8.749046866890273 -0.8935622875466849
10.327499978539361 0.205561904106729
0.1141499807462956 -5.072350491918483
1.9837202539624519 -5.155338327271294
3.05070351946867 -6.310373303502607
7.661515366936526 -3.583363156154572
13.085890184755112 -0.7842629167632944
11.478219543013875 -1.57641398352941
10.815707429717113 -0.6859011676829645
3.474664392470507 -6.290204219091797
0.9362476466709964 -2.950283421652278
7.232847939857997 -2.8780555890647777
1.0335138730482476 -2.7707714127971803
0.0359212976010353 -5.86129433002455
1.971017336893563 -4.1473432722782855
9.065249296553278 -2.785291786407569
-0.8677035520296709 -4.483990441151543
2.0182089274183914 -6.397935209802765
1.0116587894577815 -6.13821597820509
12.445139457312704 -3.4924265880703373
4.121613587193594 -3.6183370394954704
8.341330330754534 -1.781853714095883
1.677263394066976 -6.579131915375928
8.639623419537388 -2.6336996825340724
1.4057239464556686 -6.47711187345375
1.950406608043415 -5.418545576226996
0.6528830198256338 -5.278833454638698
9.613998701756111 -0.2460410198351457
7.706114549142202 -3.6791313248679915
9.166573418374858 -3.0948822227822546
1.8289697631258786 -5.110735311193462
9.834867980744116 -0.3931872536124874
0.7933301120943801 -4.102361736866063
9.765464997199302 -1.166635764751738
0.2497779303813803 -4.209139614391813
10.184307156815166 -3.634966672268735
0.9678398526030288 -5.614192376962659
9.507573360380741 -2.2009954211984346
1.536298590335538 -4.617813928492639
3.957903947965281 -6.072214276237951
1.3654857056205019 -5.120097646217384
3.6759016060681975 -5.862716161784782
7.998181399679002 -2.1712223031930593
9.199978636585518 -3.088986709718137
11.254544354870351 -1.5248807410143832
0.0390046742315424 -5.810705060240985
10.598309516696133 -2.8426333865900437
13.007123270049526 -0.61097069985835
11.181466615249622 -3.249542584935711
11.046546375046976 -3.2225412791978423
7.237182942887889 -2.6055156204282643
-2.0458649035142753 -6.216577596432667
12.352800649118587 -2.2519430419741
8.253133792418677 -2.6880781992637863
-0.3310186409493033 -5.553414153473942
6.239987361786128 -3.517147469964553
-0.1053643261191426 -5.496675391304696
0.797663756651596 -4.250495255045065
-0.8143361911053982 -4.707614948610627
6.034600796467305 -3.6955114306077532
11.972221706242852 -2.2223837015268653
11.092264441064309 -2.075554561355102
1.5880673632065234 -6.397807463111304
6.8150535266803205 -3.02285260726682
-0.2720629611108841 -4.69932773541412
13.091466658891811 -3.5329628309892347
-0.7843724120995473 -5.569868082046592
-0.1579924199326383 -4.810616233998651
3.654622609399188 -5.76346486970955
8.278906871978455 -3.3078059746876893
8.883326335695507 -2.935305497339438
10.01216267821737 -1.6705269068709743
9.13059139564715 -3.1652294369929916
9.255824360170948 -2.7923298740397877
9.292924439178245 -2.616760202470619
0.7874567797290554 -3.0558496347114397
10.240376744960164 -3.0535196438988814
8.014093252536023 -3.6330653332997067
1.2535529529175462 -5.446071656400606
4.119561656528055 -3.6977188240407117
2.032428807405661 -5.844126491129284
-4.3115867220218815 3.477641249134342
11.646335294362235 -1.5810763785584314
9.958106176265163 0.3692093404707639
0.7037402231361366 -4.486230881547559
8.308162121735858 -1.3794332936296363
-0.7042142374535144 -6.291248646981659
7.399022435467578 -3.4427576375432323
9.780118813556346 -2.8755343700497646
-0.3269918101287084 -5.613102458326895
-0.2950873972378695 -5.771974622291225
11.280450874447165 -2.67280601083027
-0.0367194653158913 -5.8823275890449
9.799756349375269 -3.5224921411280152
0.2366922512213677 -5.777214961705622
11.258113653816798 -2.116523803633317
2.0607523458841155 -6.176061914418987
10.397609349538246 -0.8429626182678419
9.759590702196535 -0.5377713817806936
0.3186461175014619 -3.35107925913228
-1.5609987494332715 -6.138324485825247
10.446596159952788 -0.7436796346914502
1.9511498948977952 -5.801129276287655
8.921139946191927 -0.6576224390400051
9.926040901379276 -2.0439590205113642
0.9756676417173252 -3.517564366879266
10.414772719154824 -1.8817138614988411
8.483611619832637 -2.700790224467445
3.8365111680625983 -6.064859268865624
7.75788196435793 -3.224860196058271
11.326853356936281 -3.557410213272482
0.1290164027736641 -5.192009568884414
13.572424075897642 -3.3404829871653208
1.6885275404428133 -6.655520801705112
13.447342158113726 -3.450053221092789
2.4064994259866292 -4.903711219765144
1.3139017666044193 -5.033085066304388
7.743820869671953 -3.436982867709467
11.544587763287694 -3.440950187538878
8.42159394992193 -3.500958033827465
1.8112410648874013 -4.429367472708838
11.214848877651672 -3.366325855272218
8.15274541942749 -2.5928007834552553
-1.585424634084484 -5.655261727436524
11.285527734291918 -1.9405393905730328
0.7719705822069328 -2.9960121139935816
2.8099596726441765 -6.368152067627729
