9,793546 -0,235171
1,822683 9,777020
9,529542 0,349455
0,137884 9,452443
8,820478 0,809969
1,713738 10,315723
1,730879 10,254223
9,869698 1,304188
1,340308 9,358688
7,847442 0,574973
9,335896 -0,317902
9,373240 0,412240
1,482569 7,942296
8,838177 1,368458
0,835104 10,222749
1,422495 8,701827
-0,118423 8,598655
10,007554 0,318894
0,403791 9,216163
1,108839 8,219437
9,544823 0,152929
1,606524 8,617010
0,392821 9,192859
10,386889 0,342031
0,195105 8,447794
9,265664 -0,135277
8,734240 -0,891317
8,187586 0,006450
1,050107 8,694641
8,483127 0,304595
9,708903 -0,869930
0,371474 9,272102
2,582687 9,994521
0,943146 7,713944
2,028544 8,579706
0,591877 8,874622
1,331394 8,096780
9,303776 0,298699
0,837203 9,013670
9,825469 1,224759
1,735014 8,118483
8,591624 -0,275991
8,696566 -0,396628
0,135900 9,561753
0,859460 9,162770
1,049879 7,870017
0,602105 8,896183
7,884873 0,246448
1,423887 9,145549
9,002442 -1,233697
1,784787 8,566567
8,987628 0,644015
0,777555 7,904597
0,224022 10,087390
8,589077 -0,537669
0,565625 9,020698
0,985971 7,951183
1,888385 8,378483
2,475973 8,755658
0,179053 9,089013
0,434242 8,205637
0,676328 9,092806
9,134975 -0,935571
1,234161 9,220824
10,220112 0,293087
1,152621 8,578009
0,146298 9,043674
9,012999 -1,002923
1,220657 9,422362
9,288917 -0,876999
1,729661 9,778368
1,027133 9,089815
9,800197 -0,763997
1,128430 8,876876
9,162972 -0,276595
1,923899 8,861245
9,075533 1,116550
8,052613 1,552126
9,321421 0,535409
0,756172 7,799869
9,581368 -0,109983
0,825590 8,887153
9,363477 -0,631915
9,627661 0,801676
1,560663 10,091599
9,329958 0,478937
1,000608 8,760157
1,807188 9,247254
8,811722 -1,100530
9,750889 0,167649
8,847260 -0,505254
0,565794 9,240469
1,049421 9,684007
0,663309 9,812543
1,279619 7,976764
1,350758 9,487579
2,610913 9,850354
1,789902 8,351996
8,774458 -0,480897
0,825500 8,751707
9,196800 1,316383
9,078233 0,468961
1,414360 9,881527
1,069930 9,363937
9,788122 1,162997
1,395101 9,210906
2,085224 9,799310
1,031953 9,121791
8,695770 0,079903
1,297546 8,567650
2,069418 9,188233
1,815088 9,658508
8,880099 0,131786
1,100474 8,636041
1,357507 8,421866
8,614679 0,970077
8,600022 0,420849
9,286133 0,092550
9,113124 0,031161
0,561516 7,644051
10,130105 1,335424
1,671041 8,784563
1,651779 8,875315
8,864345 -0,298923
9,481843 0,366758
9,164856 0,526342
1,388560 7,845815
1,683801 9,246798
0,420619 9,724728
1,349612 9,626554
7,959606 0,137564
0,974760 8,409040
9,894962 -0,458589
1,450270 9,327666
0,923104 9,746433
10,248172 0,330790
9,715307 -0,387731
1,030622 9,025679
9,362238 1,078646
1,267278 8,770607
9,186626 -0,901018
8,225327 0,446214
9,260303 1,181300
9,384410 0,254994
1,106006 9,002292
7,987522 -0,226817
9,048911 0,076143
10,380190 0,107980
1,190327 9,054726
1,426386 9,815820
0,429375 9,808166
10,162725 0,754368
8,229875 0,569881
1,270746 9,085204
0,510614 8,359901
8,150102 0,082044
2,104580 7,899735
1,851737 9,608444
8,620679 -0,016066
0,484092 7,928256
9,611296 0,198654
0,421292 8,975188
9,022527 -0,628950
0,394612 8,293729
0,420676 9,512007
9,271276 0,229449
8,676778 -0,487148
8,513423 0,127168
9,673914 0,680322
8,740122 1,100373
9,104842 0,926377
1,846996 9,005920
0,697167 8,770785
8,924445 -1,038470
0,944066 9,133240
9,599129 0,696809
9,227619 -0,726031
9,737784 0,064006
1,241915 9,875314
0,899386 8,986680
0,768191 8,762396
1,522920 10,343170
0,180083 9,401005
1,303927 10,262959
9,212645 0,495919
0,795214 8,794142
1,625365 9,833722
8,667290 -0,872801
8,402168 -1,025212
1,817498 9,409903
0,054783 9,153968
1,676550 9,034350
8,910679 0,315342
1,446654 9,355507
9,366994 0,260757
8,870328 0,040025
10,490657 -0,278450
8,590319 0,207165
1,295188 10,402615
9,148084 1,292494
1,698900 9,919747
10,128907 -0,112204
9,951613 0,169434
1,561313 8,837719
8,265700 -0,825428
8,285437 0,269882
0,829655 8,542011
9,735996 0,835561
9,875656 0,665847
1,197873 9,735286
1,286669 8,284473
9,484445 -0,724366
1,699762 7,923221
1,642683 8,944800
1,328485 8,496438
2,233081 7,574423
8,934377 0,802063
1,546530 9,602596
9,180154 0,210208
1,104552 9,000160
7,952962 0,401237
8,349690 -0,090732
9,263300 0,762494
9,999811 0,267472
2,195073 8,019733
9,526708 0,792264
8,388817 0,173630
-0,055894 8,744585
0,383957 7,763662
9,892462 0,692457
8,872419 0,874149
2,197230 8,747163
0,947090 8,680346
1,477919 8,914519
0,505741 7,875122
8,298408 0,438997
8,652954 0,262852
1,120232 10,070152
0,262660 9,413106
8,192839 0,784400
0,875472 9,481138
1,815500 9,368563
1,723072 10,475974
0,938934 7,991054
9,710726 -0,204581
9,402628 -0,381808
8,690943 -0,008016
8,926881 -0,086992
9,715226 -0,375595
1,924553 9,106955
2,343851 8,676797
8,384533 -0,019751
2,125699 9,819759
1,503974 8,164605
9,596391 -0,014039
9,105027 -0,357475
1,996286 9,729767
0,996237 8,270288
9,965454 0,551155
9,515602 -0,589997
1,055035 8,805320
10,031952 0,341600
1,273394 9,446817
9,423727 -0,652657
0,324133 9,841442
1,107472 8,566452
9,621238 1,318637
8,911981 -0,563005
9,232000 0,958238
9,688291 0,082928
1,482935 9,770355
8,070538 0,787432
8,391863 0,219179
9,085719 0,304942
8,718667 0,931876
9,014144 0,301753
1,620839 7,824849
1,506382 9,292875
8,749480 -0,712651
0,828773 8,977212
9,024545 1,197645
0,900296 9,256545
8,753389 0,300717
2,129376 9,415480
9,444498 0,768591
8,935558 1,118320
8,186663 0,377249
0,789027 8,629734
0,632460 10,076544
1,597899 10,060265
9,038546 0,274170
9,369249 1,267392
9,980797 0,230148
1,828638 9,506187
8,764610 -0,698028
0,547738 8,822654
0,195949 8,849643
10,056816 0,379364
1,196338 8,821671
0,681182 8,284546
9,299616 0,546392
0,556676 9,835454
9,569535 -0,183602
1,569328 8,514747
1,152886 9,666531
0,389640 9,094768
8,896043 -0,129907
1,189481 10,387652
9,658277 0,873198
9,065331 -0,104016
1,407330 9,141303
0,575943 9,369148
9,138954 0,981087
1,846449 9,077062
10,520951 0,115171
8,399735 0,339114
1,251911 8,855775
1,323847 9,193968
9,776646 0,856022
7,890341 0,729794
8,175732 -0,338371
0,943593 9,170465
1,465423 8,350287
9,444661 -0,178004
8,615518 0,176995
9,635540 0,904337
8,910238 0,495365
8,835642 -1,194158
7,846769 -0,177045
9,291939 0,240651
9,582853 -0,031024
1,537192 8,367829
0,690622 9,547562
9,600630 0,361314
10,219371 0,265411
0,422968 8,803753
1,392115 9,213299
8,777273 -0,557726
1,699613 8,431153
2,523745 9,703378
1,212793 9,156779
9,056618 -0,694064
1,717582 8,433552
8,517079 1,082951
0,826500 10,013867
9,755648 1,556348
9,230441 1,398809
8,567547 1,695371
2,088472 9,975973
1,840819 7,952236
0,740274 7,956562
9,825700 -0,884817
9,352059 0,946088
1,110785 9,079104
0,573058 9,747724
2,081523 8,970224
8,211199 0,874864
8,225163 0,661597
1,532573 7,942183
8,873856 0,566842
1,669862 8,896248
8,729417 -0,855279
9,708947 0,508159
1,157557 9,841339
1,466536 8,561073
1,248333 9,844993
0,156390 9,286664
1,503866 9,464503
0,643963 8,890042
9,546297 -0,157206
10,125129 0,195999
1,061476 10,160442
0,514954 9,520541
9,525885 -0,631053
9,042530 1,242408
8,296092 0,590679
1,663227 9,241875
1,687006 8,831324
1,410395 8,323721
9,097142 -0,876473
0,972145 9,733467
0,842746 9,773016
0,109846 8,293386
8,376606 0,874229
2,187846 9,033256
0,458720 8,509064
2,088587 8,275625
0,543148 8,508350
10,096148 0,352792
9,339008 -1,100030
8,783887 -0,758388
9,867666 0,031436
0,700279 8,528890
1,227443 8,593050
1,797028 9,630300
10,066075 -0,914338
9,674526 -0,035167
1,700140 8,300940
0,544829 9,187326
9,577683 0,213571
8,315988 0,400810
8,383895 0,077033
0,106503 9,501601
9,467701 0,260582
8,927533 0,057447
9,093434 0,368618
9,824295 0,455023
0,929057 8,720314
8,591276 -0,600830
1,717888 9,429333
8,344621 0,443259
9,373142 1,008632
1,082136 9,514325
0,389472 8,628666
0,889869 9,529228
1,169219 9,102158
1,017364 9,131937
9,907571 0,759058
9,565822 0,165599
0,255316 8,655394
8,806411 0,285782
9,366049 0,001820
0,479244 9,814805
9,139507 0,569664
9,642769 -0,532167
0,727403 9,151191
9,104258 0,969794
10,152446 -0,547666
1,124728 9,249841
9,178745 -0,469472
1,991403 9,695605
9,457374 0,954887
9,460644 0,312377
2,516262 10,095354
1,402595 8,776027
9,366990 0,070401
1,501330 8,354429
8,824965 1,013154
0,514980 8,183032
1,480684 7,787086
8,449585 -1,159450
7,838870 0,281920
9,545864 0,141394
9,834900 0,205556
8,972972 -0,298664
0,571902 9,802889
1,941128 8,905148
1,689788 9,178925
0,474855 9,175555
8,808743 -0,093926
8,161056 -0,864102
0,584925 7,775653
9,136002 0,050282
1,729722 8,521215
8,913526 -0,022304
10,288526 -0,034663
1,292592 9,134814
9,285956 0,135360
10,529070 -0,183916
8,953304 0,190726
1,005021 8,423909
1,692485 8,017022
10,295874 -0,111429
1,165079 9,063750
0,909939 9,844107
0,936183 9,437522
9,410953 -0,199251
9,192601 0,919819
9,118376 0,519080
8,537584 0,374662
8,717857 0,295348
0,419643 10,124812
0,745124 9,325577
8,278973 -0,289495
1,121802 8,978706
8,670545 0,647073
1,617697 10,102555
8,935956 0,867425
1,018676 8,005053
8,084330 -0,864883
1,834267 9,072372
1,640539 8,620149
0,624036 9,392871
8,612288 -0,440532
1,841472 10,014491
2,273559 9,049968
9,059644 0,454167
8,241913 0,609255
9,744563 -0,365860
1,566693 9,568955
9,848502 0,595176
9,553397 0,510173
8,915089 -0,084016
1,032939 9,301968
1,843749 9,300714
9,300594 0,099571
10,079220 1,630361
0,370628 10,065242
8,705691 0,056530
8,069242 1,111290
0,906021 7,862321
1,749734 9,058430
1,463312 10,019776
1,724124 8,928735
9,337476 0,379840
9,121616 1,252472
0,733330 8,917636
9,441339 0,520563
8,994660 0,106521
8,468801 0,487876
10,451499 1,087949
9,303948 1,164608
9,468157 -0,433154
8,880948 0,578537
0,328129 9,169009
0,256595 8,416450
1,455667 8,542333
1,513994 8,285114
0,575188 9,308811
9,366336 0,454497
0,724246 8,342247
8,855820 -0,253411
9,089342 0,706041
1,023418 7,821608
0,560384 8,250262
8,785358 1,173668
9,000403 0,642343
8,164541 1,159310
0,429763 9,381984
10,313419 -0,269248
9,453018 -0,084069
-0,073279 8,173561
0,744052 10,229636
9,532221 0,403361
0,849233 9,878224
0,932873 9,194718
0,674377 9,471439
2,131264 8,843711
2,478042 8,278105
1,461160 8,497398
9,158815 0,188953
1,639023 8,992815
8,593516 0,163425
1,777178 9,270384
0,949578 9,202607
1,070430 9,399011
9,359093 0,772579
10,372970 0,797350
9,458891 -0,095811
0,395863 9,252236
0,599167 8,561282
8,944514 0,588912
0,711650 8,505862
1,423152 8,444327
2,386132 9,886598
1,425055 8,473488
1,391165 9,447355
1,750020 9,055691
2,375440 9,435069
8,883267 0,554956
1,208855 9,396198
2,357356 8,462743
2,115606 8,451993
0,470239 9,026340
10,086596 -0,145340
9,396592 -0,005219
9,112849 1,328650
0,744567 7,758633
0,534796 8,880352
9,013548 -0,526468
8,075433 0,729440
8,580689 0,024629
1,615508 9,018330
8,838870 0,292424
1,610299 7,923832
8,841598 -0,254238
10,411242 0,310182
9,947271 -0,295615
0,745843 9,954846
9,045837 0,371121
8,585534 0,248456
0,411955 8,549757
9,866280 0,353601
9,075919 0,157192
0,683388 7,783573
1,173918 9,840276
0,102384 10,188629
1,973838 8,224030
2,272768 9,379360
1,114338 8,846407
9,340161 -0,037673
0,450830 7,833177
9,345031 0,194739
2,008224 7,858899
8,049006 0,631003
1,282076 8,673379
1,989005 9,371729
9,792618 0,333214
10,013920 -0,220557
8,310686 -0,200991
9,604284 0,266728
8,930607 1,261051
9,651767 1,394465
1,210740 8,971700
1,124851 8,994788
8,893498 0,046033
0,736933 8,900024
0,903486 9,531588
1,356647 10,101562
9,417524 0,711798
1,866724 8,415942
10,362313 0,499352
1,285398 9,381940
1,666351 10,006662
0,509845 9,493748
9,216354 -0,057222
2,090053 9,360260
1,630635 8,036430
1,198237 9,757571
9,359954 -0,351054
8,955296 -0,249302
8,630874 -0,753856
9,196190 -0,126624
9,585667 0,187325
0,835736 8,958300
9,471544 0,687946
10,495273 -0,217346
0,740077 9,012479
1,795305 9,765616
8,249311 1,038894
8,804549 0,485074
0,680570 9,209484
9,214639 0,217373
1,277077 8,844984
10,176206 -0,792297
9,737871 0,327564
0,928355 7,834008
9,428689 0,807708
0,091360 8,676342
0,973159 9,605264
1,690426 10,349037
1,126994 8,863559
0,799160 9,584136
9,346210 0,954324
9,065417 0,715235
8,308978 -0,540311
8,646901 0,191059
1,770711 10,037922
9,804441 0,226437
8,202763 -0,268241
1,504138 9,059297
8,839154 -0,309124
8,616939 0,475787
1,905501 10,444519
8,482752 -0,850564
9,155841 0,585730
0,456774 8,490478
8,438154 0,377248
9,624002 -1,023056
2,367858 8,634835
0,689847 8,197302
1,124587 8,838433
1,038372 8,820752
8,487514 0,243291
0,060983 9,439894
1,372621 9,272960
1,474424 8,683979
9,962936 0,166481
0,170912 8,435924
8,927153 -0,407248
10,222938 0,752416
9,135821 -0,089006
8,537021 1,628595
9,153761 0,686146
1,516059 9,524621
8,990271 1,531877
8,583945 0,545429
0,464817 8,587825
0,935705 8,907003
1,916657 9,519621
0,733371 8,729739
1,835455 8,185369
1,911778 7,764953
8,568021 -1,217584
2,368616 9,179082
8,992729 -0,450576
1,137513 9,295813
0,856201 8,507573
8,916004 0,295671
1,479500 8,314520
0,917981 9,859980
9,495457 0,843652
1,191652 9,099438
1,897079 9,443600
8,208007 0,936286
0,753211 9,095272
0,794162 7,755575
8,571961 1,494396
1,012143 9,400416
0,136411 9,774453
8,897274 0,798400
9,420991 0,705585
8,043235 0,200042
0,164547 9,672161
0,635224 8,378930
1,362033 9,008344
8,511470 -0,488655
1,212994 9,160905
9,559323 0,863019
1,109932 9,762890
0,988965 9,297808
8,370057 0,000524
10,011783 0,063194
1,336155 9,998930
9,350440 0,448663
9,150643 0,078920
10,536346 -0,077333
8,592845 0,338050
0,879248 9,041372
1,032345 9,658688
1,050486 9,069145
2,272322 9,402700
8,940057 0,081468
10,125724 -0,541323
10,349275 -0,116945
1,320991 8,328246
9,464547 0,191677
9,347397 -0,226470
8,852295 -0,984510
8,949764 0,784068
2,496246 9,494359
9,911652 0,281156
0,040344 8,897202
10,113699 -0,152032
0,881591 8,934637
1,279225 8,929574
8,792100 -1,005909
8,477209 0,931992
9,180950 0,759982
9,767186 -0,788611
8,592224 0,214371
9,159019 -0,473159
1,206062 9,202405
9,262499 0,145969
1,217128 9,260073
10,175487 1,369050
1,154802 9,417501
2,140697 8,729896
8,171282 -0,247554
8,213207 -0,177203
8,483940 -0,315283
1,746051 8,462154
0,419852 8,200191
8,415174 -0,406501
0,034224 7,688665
-0,294263 8,953995
8,795914 -0,063371
9,538108 0,841201
1,311990 8,538618
2,053774 8,808779
9,208251 -0,000396
8,054262 -0,959676
8,120852 0,393507
8,119558 0,536398
9,060597 -0,712717
8,314219 -0,064147
0,738550 8,072607
10,414766 0,989159
2,080334 7,649454
8,942557 -0,676065
1,242092 8,776307
8,177106 -0,204052
8,689874 1,442625
9,557818 -0,600407
2,040975 8,736181
9,649025 0,079935
9,938253 0,362629
9,400119 -0,493303
0,830316 9,681722
7,951963 0,817376
10,082784 0,826621
10,223637 0,301092
0,527233 7,528339
0,820503 9,785899
1,364458 9,736847
8,685098 0,066025
9,308804 -0,022101
1,182768 9,535995
9,056382 1,036894
0,673648 7,537551
9,500759 -0,184907
1,274433 9,228647
8,741931 0,179244
1,259610 8,598707
9,243118 0,164694
0,644074 9,738493
1,498845 10,300212
2,468297 9,500811
1,487083 8,823471
0,866117 9,358233
9,115890 0,262938
0,266884 8,025258
10,048090 -0,746713
9,528315 0,125609
0,019916 9,493887
0,478275 9,490740
9,943340 0,491709
8,581428 -0,825538
8,202726 1,508242
1,192877 9,997395
0,251281 9,183219
1,701099 7,810366
9,076632 -0,188568
8,544377 1,094777
0,961337 7,715332
1,556118 9,325165
9,106222 0,838201
0,679229 9,016853
2,402172 9,340662
9,158618 1,469429
8,781023 -0,068257
8,434982 0,617082
1,273363 8,951088
