914
1 11
1 12
1 13
1 14
1 19
1 20
2 2
2 3
2 4
2 11
2 14
2 19
2 20
2 23
2 24
2 43
2 44
2 55
2 56
3 3
3 4
3 7
3 8
3 13
3 23
3 24
3 43
3 44
3 49
3 55
3 56
3 69
3 70
4 3
4 7
4 8
4 13
4 14
4 16
4 17
4 18
4 28
4 29
4 33
4 34
4 53
4 61
4 62
4 69
4 70
4 76
4 77
5 16
5 17
5 18
5 28
5 29
5 33
5 34
5 61
5 62
6 19
7 7
7 15
7 16
7 48
7 49
7 56
7 57
7 65
7 66
7 73
7 74
8 15
8 16
8 22
8 23
8 29
8 30
8 38
8 39
8 48
8 49
8 56
8 57
8 65
8 66
8 73
8 74
8 77
9 7
9 8
9 22
9 23
9 29
9 30
9 38
9 39
9 41
9 42
9 44
9 45
9 52
10 7
10 8
10 34
10 41
10 42
10 44
10 45
10 69
10 70
11 11
11 12
11 17
11 18
11 21
11 26
11 27
11 69
11 70
12 11
12 12
12 15
12 16
12 17
12 18
12 26
12 27
12 30
12 38
12 39
12 53
12 57
12 58
12 60
12 61
12 65
12 66
13 2
13 3
13 6
13 7
13 15
13 16
13 23
13 34
13 35
13 38
13 39
13 40
13 41
13 44
13 45
13 57
13 58
13 60
13 61
13 65
13 66
13 76
13 77
14 2
14 3
14 6
14 7
14 32
14 34
14 35
14 40
14 41
14 44
14 45
14 48
14 51
14 52
14 67
14 72
14 73
14 76
14 77
15 12
15 13
15 14
15 51
15 52
15 55
15 72
15 73
16 13
16 14
16 19
16 27
16 62
17 3
17 4
17 38
17 39
17 42
18 3
18 4
18 9
18 10
18 21
18 22
18 30
18 31
18 38
18 39
18 42
18 43
18 57
18 58
19 9
19 10
19 14
19 15
19 21
19 22
19 29
19 30
19 31
19 42
19 43
19 45
19 46
19 49
19 50
19 51
19 52
19 57
19 58
19 60
19 63
19 64
19 68
19 69
19 74
20 6
20 7
20 14
20 15
20 25
20 26
20 45
20 46
20 49
20 50
20 51
20 52
20 63
20 64
20 68
20 69
21 6
21 7
21 25
21 26
21 57
21 58
22 18
22 19
22 57
22 58
22 72
22 73
23 3
23 4
23 18
23 19
23 35
23 36
23 46
23 47
23 53
23 65
23 68
23 72
23 73
24 3
24 4
24 14
24 15
24 23
24 24
24 28
24 29
24 35
24 36
24 46
24 47
25 9
25 10
25 14
25 15
25 23
25 24
25 28
25 29
25 41
25 42
26 9
26 10
26 38
26 39
26 41
26 42
26 52
26 53
26 62
26 63
26 66
26 76
26 77
27 5
27 22
27 23
27 30
27 31
27 38
27 39
27 45
27 46
27 52
27 53
27 55
27 56
27 62
27 63
27 76
27 77
28 11
28 12
28 18
28 19
28 22
28 23
28 30
28 31
28 43
28 44
28 45
28 46
28 49
28 55
28 56
28 59
28 60
28 68
28 69
29 7
29 8
29 11
29 12
29 18
29 19
29 35
29 36
29 43
29 44
29 59
29 60
29 68
29 69
29 72
29 73
30 7
30 8
30 24
30 25
30 35
30 36
30 72
30 73
31 14
31 15
31 24
31 25
31 28
31 29
31 40
31 41
31 55
31 56
32 1
32 2
32 14
32 15
32 28
32 29
32 40
32 41
32 44
32 45
32 50
32 51
32 55
32 56
33 1
33 2
33 44
33 45
33 60
33 61
34 10
34 11
34 20
34 21
34 24
34 25
34 28
34 31
34 32
34 60
34 61
34 68
34 69
35 8
35 10
35 11
35 20
35 21
35 24
35 25
35 27
35 28
35 31
35 32
35 37
35 38
35 47
35 48
35 56
35 57
35 63
35 68
35 69
36 5
36 6
36 15
36 16
36 18
36 19
36 27
36 28
36 37
36 38
36 47
36 48
36 53
36 56
36 57
36 62
36 63
37 5
37 6
37 15
37 16
37 18
37 19
37 62
37 63
37 67
38 40
38 44
38 45
38 51
38 52
38 68
38 73
38 74
39 11
39 12
39 17
39 18
39 19
39 23
39 24
39 39
39 40
39 44
39 45
39 51
39 52
39 73
39 74
40 11
40 12
40 18
40 19
40 23
40 24
40 28
40 29
40 35
40 36
40 39
40 40
40 43
40 44
40 45
40 46
41 5
41 6
41 28
41 29
41 35
41 36
41 39
41 43
41 44
41 45
41 46
41 57
41 58
41 66
41 67
42 5
42 6
42 16
42 17
42 50
42 51
42 57
42 58
42 61
42 62
42 66
42 67
43 16
43 17
43 20
43 21
43 25
43 26
43 27
43 32
43 33
43 47
43 48
43 50
43 51
43 54
43 61
43 62
44 20
44 21
44 24
44 25
44 26
44 32
44 33
44 38
44 39
44 41
44 42
44 47
44 48
44 73
44 74
45 4
45 38
45 39
45 40
45 41
45 42
45 73
45 74
46 15
46 16
46 45
46 46
47 8
47 9
47 15
47 16
47 29
47 45
47 46
47 59
47 65
47 66
48 4
48 5
48 8
48 9
48 36
48 50
48 51
48 56
48 57
48 65
48 66
49 4
49 5
49 20
49 21
49 25
49 26
49 32
49 33
49 38
49 39
49 50
49 51
49 56
49 57
50 20
50 21
50 25
50 26
50 27
50 32
50 33
50 38
50 39
50 52
50 53
51 52
51 53
51 57
52 11
52 12
52 43
52 44
52 60
52 61
52 62
52 63
52 70
52 71
53 8
53 9
53 11
53 12
53 28
53 29
53 43
53 44
53 60
53 61
53 62
53 63
53 70
53 71
54 3
54 4
54 8
54 9
54 16
54 17
54 28
54 29
54 35
54 36
54 47
54 48
54 53
54 54
55 3
55 4
55 16
55 17
55 25
55 26
55 35
55 36
55 39
55 40
55 43
55 44
55 47
55 48
55 53
55 54
55 56
55 57
55 74
55 75
56 23
56 25
56 26
56 39
56 40
56 43
56 44
56 56
56 57
56 58
56 59
56 62
56 74
56 75
57 6
57 7
57 11
57 12
57 22
57 23
57 32
57 33
57 50
57 51
57 58
57 59
57 63
57 66
57 67
58 6
58 7
58 11
58 12
58 22
58 23
58 32
58 33
58 50
58 51
58 66
58 67
59 17
59 18
59 72
60 17
60 18
60 28
60 36
60 46
60 47
60 60
60 61
61 8
61 9
61 38
61 39
61 46
61 47
61 54
61 55
61 60
61 61
62 8
62 9
62 35
62 38
62 39
62 41
62 42
62 49
62 50
62 54
62 55
62 65
63 3
63 4
63 29
63 30
63 41
63 42
63 49
63 50
63 67
63 68
63 70
63 71
64 3
64 4
64 29
64 30
64 46
64 47
64 60
64 61
64 63
64 67
64 68
64 70
64 71
65 14
65 15
65 20
65 46
65 47
65 60
65 61
66 14
66 15
66 20
66 24
66 25
66 26
66 27
66 50
66 51
66 55
66 56
67 12
67 13
67 24
67 25
67 26
67 27
67 33
67 36
67 37
67 50
67 51
67 55
67 56
68 6
68 7
68 9
68 10
68 12
68 13
68 36
68 37
68 40
68 41
68 42
68 43
68 48
68 53
68 54
68 58
68 59
68 65
68 75
69 6
69 7
69 9
69 10
69 40
69 41
69 42
69 43
69 48
69 49
69 53
69 54
69 58
69 59
70 47
70 48
70 49
71 15
71 16
71 20
71 21
71 32
71 33
71 66
71 67
71 70
71 71
71 72
72 15
72 16
72 20
72 21
72 27
72 28
72 32
72 33
72 42
72 43
72 62
72 63
72 66
72 67
72 70
72 71
73 27
73 28
73 42
73 43
73 55
73 56
73 62
73 63
74 5
74 6
74 49
74 50
74 51
74 54
74 55
74 56
74 62
75 5
75 6
75 37
75 38
75 49
75 50
75 55
75 67
75 68
76 11
76 12
76 21
76 22
76 37
76 38
76 67
76 68
77 11
77 12
77 21
77 22
77 43
77 44
78 43
78 44
