2.150069925724422 0.0868322785262775
4.88465386771448 0.1369483645705228
2.0242146990711705 0.5422011196372599
-0.0110401422709232 -0.1078909628257797
5.214252897532481 2.5847153185197262
6.043524724629285 2.667566650950549
5.583525245900545 0.7497637288895802
0.5321336362515985 -0.9454891640674269
1.4270209662833373 -0.0550754203485141
6.720471547927346 1.340436399801196
0.4935379434305579 1.311342327526594
5.98314010613382 0.1808347446928476
1.9361711282943908 -0.6955189374857156
-0.3730898858551784 -0.8679354172435408
1.0768956077419714 -0.0459040292180066
4.064347992819309 1.1827384530995042
5.094722959297908 0.3510050572611426
4.34383876059087 -0.020855723380789
4.668485434865274 2.0611261160976215
6.407512854179011 0.4496507796012388
1.9667233724745192 0.972189470513035
2.2040948183523734 -0.5022778362289547
0.1109114766189192 -0.5609481475556608
0.3558538350223109 -0.8228283367096239
0.1626641494191422 -0.8902658901985355
6.2642528599429985 1.9404011189793444
-0.2298551491672048 -1.3102826683423794
-0.0837507938211382 1.385961199700454
4.818888272063019 0.6654512249344912
5.589021381294456 2.4999803565256284
3.845408057496487 1.191664580660298
5.796619176586435 2.2516583631491214
5.709022651917912 -0.1030946143202277
0.5195103699291248 -0.3435351371721977
4.262536827136768 0.5464899649646632
5.244501131384374 2.5293915703139787
5.562180890112507 0.3964249673314695
6.723089933234495 2.745699417637599
5.326577033999885 0.6582597279844462
6.509964728276274 1.855319666718657
1.3213198792667626 -1.1539467927382179
6.177780987236189 2.2243448950609297
4.837714014022186 -0.0973005722236854
0.526341290570231 -0.9808274336381307
5.044844410444881 0.7227687808781226
2.2432610670852196 -0.5586107999635715
2.165554834608674 0.9566619844340858
6.76834348683247 -0.158175451877961
4.663817001393653 2.7717435239388193
0.2499388485324817 -1.5892241940019858
0.0795711987994431 -0.3964875061115198
1.228455325566938 -0.1017976571445526
0.8290177888510655 0.0696371889279312
1.2634528744813731 -0.2303599811876042
5.496322938564951 2.27881204931035
5.761160836533675 1.9106104988260613
1.9496683422119894 0.553725871120732
4.502145565531387 1.1751574042008566
6.356844875638796 1.6366119176541918
0.6026586362984201 -1.547735339594391
1.151092716534335 0.687065925175263
0.4763115784086671 0.1678358620503972
4.12924350868781 1.1797603657197593
5.674272453618407 0.7083077955618563
4.305355138967964 0.4390368320757791
-0.3415234075264505 -1.2630791537972068
0.7212611043871553 0.0863807660308665
0.9637767047509698 1.1401420408570324
2.535308892953306 -1.063505233160852
1.262260119578388 -0.5729565050907957
6.604624661713069 0.8304886626519824
6.548651923177329 1.0782831322418698
0.284386266717228 -1.3801207630210715
0.1067281926515 -1.1018708253934375
4.889799234482491 2.3281666314176848
2.4103899604680135 0.9123307948584288
2.4187199986835797 -0.6678845176687424
5.030252308541397 1.1904733732602137
5.063416627738228 0.3935248795994982
5.681718840605341 0.5257631701057426
5.946350886136053 1.6780145209599986
5.199925002392852 0.033511462671896
4.722103892071521 2.3794695188107267
5.300956632407013 0.9961308442954258
0.5542477829050815 -1.15517706867016
4.033929066762996 1.6320284950617343
6.785520956053843 0.62981938412099
0.1830289365726547 -1.405088152256851
0.5965406524748853 1.004861788412026
5.189258847422481 1.5322344498639655
4.803828472083313 0.7327426651422987
1.344990577631194 1.0540313457897654
5.599981576470819 1.6554337435068451
6.434549490821789 1.562222973228037
6.5669917778983224 -0.1014752839033171
6.141903755095418 2.2873874168154127
0.4772801914105294 -1.4058112351287855
6.52774717721974 0.43805729620117
0.7657947418795735 0.1713094850269811
4.8565973306668475 0.8974265110863549
