1000
886 112
1257 105
828 95
429 804
946 488
808 80
822 146
93 124
112 1228
1367 51
927 228
1156 72
1075 211
599 831
292 599
1000 400
1190 76
727 267
22 623
12 1287
909 175
1243 134
536 822
838 144
462 203
1387 18
1083 215
475 216
779 119
1376 42
723 170
234 662
870 352
745 527
234 189
478 170
1343 23
1005 24
1097 214
1345 34
101 798
229 524
915 516
518 919
118 1025
143 349
1320 96
529 765
306 700
522 278
1304 18
960 131
326 206
1392 12
1123 195
291 652
879 74
289 213
1233 25
95 684
1261 13
260 1103
448 224
501 11
467 96
68 23
618 332
555 428
626 792
1192 87
458 182
281 527
250 201
898 278
827 190
319 205
693 287
323 668
703 722
355 427
158 804
643 600
1283 60
1017 92
606 633
903 36
919 453
1332 15
348 839
333 272
633 704
672 274
483 393
1247 185
954 71
1252 20
905 331
831 539
1304 110
137 907
363 350
705 422
3 695
1022 366
518 480
1253 46
431 483
854 579
1092 227
5 649
1119 41
838 571
531 193
761 464
813 126
1220 90
1322 30
598 502
645 699
1391 13
518 501
31 481
13 1244
648 646
951 206
692 104
158 784
310 1006
1397 18
1268 52
67 331
1388 47
747 572
577 125
1298 103
1352 59
238 496
239 150
1361 42
595 529
240 800
1361 78
965 103
165 698
1038 299
1085 218
298 366
853 394
601 143
712 287
894 152
1381 38
543 175
557 710
963 389
1232 73
16 71
380 551
646 652
105 1024
853 368
1027 165
1392 20
1093 264
1060 303
1149 51
595 396
1356 73
1153 280
1030 61
1388 31
1244 55
966 66
1254 91
1260 167
280 756
188 1198
671 667
1132 104
623 184
45 1103
1378 48
248 208
1214 52
971 194
816 164
381 669
1394 32
1289 59
1100 229
367 604
934 196
96 173
1175 21
417 656
801 403
1070 300
638 530
469 406
170 102
63 843
209 536
302 904
897 142
1210 219
472 269
1165 18
1268 83
528 867
303 530
886 505
855 360
1178 96
605 787
465 933
572 843
132 360
711 192
661 274
28 1209
367 785
847 299
545 430
210 868
1034 345
1054 24
1259 84
1327 41
1187 57
1034 103
362 189
1187 100
231 459
691 277
1134 193
571 455
953 107
960 214
634 227
111 1049
1185 167
472 169
381 206
933 290
935 300
381 612
397 1010
531 395
515 804
909 496
1095 261
137 362
974 460
726 257
666 145
1156 202
1308 75
1105 251
241 114
693 429
1072 367
610 675
206 1111
897 348
592 573
192 507
31 1166
32 1100
1074 225
210 165
634 585
587 580
1158 239
449 769
937 138
262 408
1260 128
398 523
1110 10
1104 150
328 769
421 777
1194 131
734 263
623 538
188 929
462 840
1134 195
1128 143
339 424
1169 44
1216 208
433 423
463 206
1097 328
392 817
1002 220
1046 249
33 1149
13 524
1300 64
717 428
301 787
1196 40
500 693
1218 74
1023 180
1367 45
1153 28
1345 19
192 393
292 312
1073 200
412 159
951 249
1277 38
302 1087
573 177
620 370
1234 17
454 378
1049 379
98 769
645 646
599 83
1250 116
33 441
96 235
573 473
1092 208
977 443
578 209
342 732
65 454
1119 297
824 316
1376 38
858 106
388 48
676 242
209 351
793 195
1188 175
1221 139
1102 169
1177 34
746 378
1200 91
1051 192
1272 23
329 748
1361 43
226 908
989 178
673 619
724 101
462 616
176 451
1150 149
636 388
1158 274
1071 348
1128 170
524 228
696 330
1053 272
72 947
69 203
634 504
965 251
91 496
879 252
1304 107
113 753
1160 136
820 75
835 94
524 153
787 267
609 802
618 343
1029 153
186 1245
1036 102
171 659
445 109
521 475
857 56
1224 158
79 834
767 498
1157 26
1048 385
320 310
369 511
346 204
361 488
376 712
775 84
875 464
1253 113
930 363
515 192
339 196
437 471
192 1015
415 891
746 597
187 568
328 800
227 512
316 133
300 763
627 88
684 423
189 1244
1117 258
733 371
472 142
114 1118
119 458
509 73
1043 113
878 360
556 51
17 393
153 17
687 351
183 727
1094 51
857 58
15 937
662 625
378 95
1299 66
254 660
22 207
215 65
101 462
949 250
150 1218
1189 209
1364 11
552 96
473 403
756 499
276 420
23 371
690 203
534 632
491 717
609 389
992 289
545 321
1332 23
1023 30
1309 61
927 358
231 371
544 802
1298 95
23 85
741 479
1101 86
728 451
192 653
582 794
839 83
1119 307
224 1089
170 596
429 251
1074 345
143 160
1120 149
1310 109
977 175
1211 59
167 181
731 325
280 822
1093 148
897 332
217 312
37 1297
1363 46
1112 62
234 70
1107 195
419 554
548 553
1098 269
1381 31
970 286
1259 40
941 288
718 716
649 645
1391 43
214 697
571 554
77 1287
1179 225
774 529
73 294
1384 17
877 246
1078 122
537 312
900 178
1213 198
605 99
929 496
362 346
154 550
12 196
45 234
582 774
777 660
455 12
893 536
40 1184
297 1139
162 570
254 653
1234 154
2 1205
113 161
69 243
1070 144
272 750
132 168
819 353
1280 142
1209 31
69 255
1058 125
1318 112
173 1121
1171 87
84 1039
223 768
74 1131
840 301
89 105
1026 290
409 212
1209 16
406 855
1069 260
970 19
501 360
742 524
158 53
1170 81
180 1001
764 178
1376 30
1076 188
315 764
546 117
1236 154
770 212
225 826
602 254
797 18
400 964
1222 164
1107 12
185 25
932 207
170 610
186 289
807 294
371 208
102 159
626 755
1243 25
1276 55
602 527
147 1148
462 476
1064 329
1028 277
1168 127
620 407
275 438
532 350
693 50
1277 135
241 404
529 718
1083 241
503 921
1259 103
111 749
1166 21
910 488
333 266
312 621
1113 298
546 676
446 495
792 21
100 77
785 368
1021 404
1194 212
62 947
374 633
856 114
1058 85
1098 125
44 1350
222 1136
939 165
1227 81
162 250
42 705
1084 88
141 437
751 352
336 1081
319 313
1222 101
169 465
1305 79
89 322
483 181
1043 232
724 584
305 435
231 1203
560 358
254 342
957 27
1064 294
986 254
623 781
758 243
351 124
1151 71
860 263
801 355
44 175
611 526
994 339
916 336
252 326
1229 94
137 1252
1170 101
765 479
224 525
1133 20
205 594
761 574
54 925
207 1148
436 534
1051 275
1361 34
1227 209
1234 34
418 40
205 31
208 488
867 89
400 900
748 557
273 1046
1210 44
1305 33
832 160
256 704
533 480
719 299
399 863
303 916
707 711
1286 91
769 545
394 292
983 381
207 286
790 281
523 353
147 1264
568 578
389 154
982 235
1334 38
1276 57
1229 195
972 458
754 597
926 44
568 272
787 85
345 918
335 712
342 567
1195 169
1326 14
169 636
616 209
1215 218
1026 20
874 102
664 690
167 175
214 104
1273 119
1189 127
1207 91
1033 406
964 88
1356 23
10 672
234 641
371 969
271 43
1104 201
709 147
580 659
642 321
1195 229
639 438
504 507
1012 405
357 202
561 156
826 365
124 506
1114 242
267 1055
675 641
910 415
372 485
1338 87
640 724
65 1164
791 315
437 64
856 472
1180 187
1025 243
940 267
199 1236
56 1197
761 544
475 57
114 1153
210 828
780 555
1146 254
180 380
1178 171
609 536
39 1160
1141 13
1264 88
1234 46
1319 111
919 337
354 971
363 828
212 139
1289 148
1231 108
347 487
1201 91
753 514
1248 103
1242 26
423 863
372 612
518 619
839 303
149 347
538 431
981 452
552 542
252 762
1067 189
154 913
321 751
597 588
794 377
683 605
980 170
646 32
1386 45
649 190
535 335
751 675
664 729
190 98
604 23
2 674
1267 70
1279 67
114 824
898 127
220 143
913 363
510 531
683 685
573 715
973 315
1025 30
253 982
475 661
1388 41
1170 161
246 1158
856 33
1104 14
199 64
1221 182
935 369
199 893
938 121
1076 101
567 619
120 1061
71 196
7 1312
446 795
1117 309
1153 243
408 757
256 421
1289 141
1133 272
437 140
651 570
430 408
864 18
920 136
876 264
381 1004
849 237
10 470
51 678
1289 118
1330 30
24 1058
212 732
1330 31
523 176
748 292
1220 105
575 436
1014 243
1282 124
592 743
84 132
12 648
727 502
184 595
349 560
985 325
712 452
948 122
902 165
1078 79
1267 34
527 161
839 40
1338 100
856 576
611 567
877 99
569 774
823 364
1278 26
1381 33
81 1318
679 42
705 572
802 112
856 459
654 102
960 418
1179 164
336 302
1028 116
1120 295
884 265
501 419
1114 226
1016 243
104 1072
559 154
657 157
985 258
1002 121
1295 116
1139 162
1088 129
141 431
877 55
587 547
1103 90
1044 324
809 496
780 577
508 605
328 267
705 272
312 318
354 851
1204 182
232 1021
1137 266
373 943
731 222
437 956
95 1187
989 224
912 363
931 457
1190 131
871 255
1117 81
693 510
1160 120
658 154
152 560
69 802
735 280
385 997
204 1108
442 136
684 736
1383 39
101 281
458 73
698 673
1096 209
91 516
1289 147
1253 84
869 206
95 737
1077 143
293 955
820 104
699 393
856 330
883 121
539 756
1298 136
936 233
503 682
358 967
518 434
1026 137
164 562
757 516
229 868
906 362
882 122
1229 37
353 635
390 688
1059 315
684 209
637 206
436 416
194 988
482 725
754 268
1196 196
1348 15
23 1361
806 506
971 411
1122 257
646 751
1044 221
1032 27
553 120
838 367
1107 191
1301 24
712 629
1227 175
823 537
837 223
1336 14
879 21
894 330
802 119
527 112
458 615
555 547
705 524
401 703
