251
193
411
332
724
719
91
239
566
643
193
862
908
306
115
748
589
367
611
897
393
55
506
167
830
577
739
587
555
928
71
56
934
964
533
1
533
109
976
762
69
322
529
621
906
144
913
66
732
290
505
973
441
273
792
568
204
858
545
649
107
33
105
936
805
215
197
81
912
356
421
178
424
927
422
873
80
943
650
87
97
541
362
697
62
164
667
632
924
349
379
774
653
156
30
773
207
148
413
714
370
987
878
705
139
857
562
508
946
582
476
244
913
425
59
59
222
122
105
567
296
771
901
506
605
917
829
361
501
586
955
482
580
611
48
394
678
792
699
170
732
680
825
128
528
857
930
527
672
516
937
620
601
28
720
747
721
702
22
161
101
82
806
801
941
800
868
376
610
598
312
397
509
146
343
641
368
210
508
374
788
13
578
714
300
277
11
114
956
61
57
72
360
100
870
353
836
716
384
742
86
311
631
656
444
821
842
414
582
390
89
172
5
241
958
82
399
438
722
335
806
94
377
452
428
561
876
706
346
271
65
460
889
141
545
585
662
319
294
367
773
694
406
596
460
332
706
805
698
19
25
321
602
860
443
198
141
603
457
737
590
658
111
179
314
436
677
648
923
982
12
428
584
365
308
792
192
651
460
226
209
142
311
141
216
753
719
725
877
49
805
655
325
294
118
956
480
149
654
774
524
927
13
216
907
86
707
877
413
526
278
830
164
757
915
955
320
294
540
102
464
704
421
365
443
989
860
696
371
152
6
276
183
723
848
463
39
277
282
809
193
854
937
666
829
688
938
37
942
367
85
696
934
505
708
288
591
524
418
834
578
955
594
91
212
238
485
380
933
845
242
771
363
723
386
418
111
133
421
233
122
323
121
192
886
726
907
292
741
998
690
505
918
10
574
709
112
921
414
186
250
673
100
982
360
171
122
323
490
731
290
936
572
729
752
780
112
423
696
997
559
907
854
253
493
40
797
956
868
557
168
175
514
898
55
458
461
361
81
182
810
67
519
135
583
42
641
233
831
566
879
58
283
496
633
749
468
411
691
572
144
55
957
706
811
183
577
24
292
936
919
443
197
263
752
274
495
470
662
299
126
292
345
309
902
440
928
598
149
716
771
528
560
604
630
143
299
788
510
66
692
192
945
225
192
776
946
45
711
400
909
403
758
272
159
4
217
480
859
609
952
456
334
18
456
359
861
794
615
32
321
185
894
378
424
70
655
485
4
965
386
62
956
311
80
898
186
99
218
958
441
671
285
334
517
266
697
660
734
400
739
519
342
880
576
381
460
438
859
667
181
18
491
819
83
519
991
265
57
251
366
565
596
840
353
405
912
680
262
289
982
48
533
977
256
233
455
519
698
914
528
441
502
703
584
152
880
115
763
260
235
402
458
450
453
577
965
281
697
846
263
39
750
902
691
77
549
778
286
781
59
336
55
170
754
21
365
911
888
220
700
880
615
619
707
280
789
321
55
917
407
665
876
512
134
234
141
684
424
749
605
984
862
245
338
443
359
400
126
660
221
251
172
475
252
561
200
401
902
482
788
61
759
854
377
835
222
712
489
322
821
752
120
690
565
314
616
717
14
83
733
470
171
769
902
506
606
686
839
260
323
345
76
165
182
240
625
241
783
18
724
881
620
108
804
40
380
481
185
25
365
99
830
184
841
694
198
596
970
62
460
908
120
991
263
643
759
275
318
670
645
42
310
175
512
550
973
91
670
665
2
898
914
500
797
178
604
52
421
154
321
643
571
176
318
50
32
932
136
575
979
204
987
922
455
766
537
20
773
949
687
216
357
681
897
552
120
179
207
327
977
379
556
674
780
425
605
724
204
661
769
1000
575
7
17
463
815
276
742
841
294
953
130
363
430
462
177
578
778
580
878
995
666
298
159
909
378
901
691
545
444
403
659
917
973
251
256
866
798
584
227
873
638
195
247
66
361
472
101
576
335
361
450
421
629
628
547
177
99
506
492
321
405
793
99
936
792
804
736
275
592
118
152
559
832
773
680
163
869
299
903
349
491
952
605
307
708
409
560
5
981
864
248
200
455
833
485
232
881
866
47
626
184
234
631
955
595
346
495
18
130
97
747
972
812
118
711
169
378
851
469
329
255
320
708
660
511
937
857
819
400
936
695
838
603
252
422
549
355
976
948
998
722
970
45
118
907
592
414
407
807
901
706
668
460
670
141
79
238
875
619
711
967
124
727
893
544
780
410
121
540
703
111
923
680
63
103
418
193
704
782
29
554
977
332
137
814
380
477
834
