1000
1211 1386
283 637
956 1153
1328 1370
903 1216
662 771
93 1088
464 1263
1057 1218
677 1157
786 1022
595 851
516 1383
807 1124
191 1073
722 907
261 801
84 973
511 1318
99 731
585 794
788 973
509 689
822 1100
890 1288
489 622
761 955
971 1255
215 1038
115 1097
204 716
298 726
81 902
767 1278
478 1219
586 1288
9 1169
531 773
396 702
81 605
460 658
353 980
639 1148
761 1023
940 1072
560 1315
234 718
597 1072
797 928
517 1058
430 1087
133 1192
314 727
178 1293
220 809
884 1084
1071 1122
1003 1258
263 1100
182 613
347 732
481 695
237 931
1062 1145
373 1231
892 1032
53 1144
699 750
166 958
768 899
12 801
291 979
702 1311
637 1136
400 703
585 910
461 1340
258 880
555 1325
514 649
853 899
636 851
89 770
117 965
519 1029
382 877
717 1116
99 850
429 752
1111 1120
218 1093
1035 1257
445 1300
578 1161
778 1092
422 1024
135 999
730 1313
387 961
217 1129
677 684
168 1354
77 963
200 933
9 1019
993 1144
307 1295
579 826
521 894
848 893
816 943
600 1038
904 998
36 1057
16 800
306 868
25 982
273 1129
284 826
384 925
452 880
1176 1353
149 664
374 1309
227 1345
1086 1327
833 944
139 607
481 715
170 1071
215 1258
877 1040
1038 1060
933 1138
287 1223
683 692
723 1144
78 736
116 1377
440 1267
109 1000
223 1278
193 812
498 628
605 1171
681 696
549 962
1300 1395
113 1073
863 928
877 953
61 649
185 989
777 887
152 967
29 933
63 863
819 941
617 1276
975 1071
500 1039
818 1303
461 1183
540 1326
890 1389
109 695
1265 1300
282 710
349 620
410 645
131 1067
255 1148
890 1096
515 924
607 1176
724 1297
647 876
508 714
901 1193
539 691
718 1029
97 1077
271 1004
612 998
794 1063
19 1355
62 798
567 813
527 839
362 1046
699 1105
639 981
269 804
87 836
396 1220
443 715
742 977
567 843
737 1258
574 1100
17 665
1242 1311
186 1024
856 1246
340 654
212 652
870 1218
621 1353
598 732
531 671
152 1347
309 1328
753 1379
256 1299
1006 1306
419 655
310 624
411 1006
284 1013
139 917
1183 1332
953 1119
124 900
1099 1324
325 1004
498 760
867 993
128 1101
175 831
86 790
1113 1394
74 1125
199 986
514 632
667 987
737 1328
94 1241
667 762
322 933
210 679
28 1068
43 999
1021 1044
463 643
480 619
185 844
841 1334
453 995
515 967
745 925
206 1012
365 1197
414 603
76 1181
759 792
684 1291
580 885
346 947
554 1127
445 1305
655 1034
486 1163
134 931
668 672
419 775
108 652
498 601
749 1163
396 1176
627 832
914 1286
550 1394
604 980
172 866
127 827
387 912
697 747
291 1165
19 678
30 1204
34 909
569 651
610 621
606 1394
312 1240
443 667
286 1230
871 1055
589 718
689 1065
873 1124
1134 1171
296 907
295 1283
813 1160
391 1053
65 927
351 998
135 938
1123 1393
90 1090
604 808
333 1081
238 621
945 1167
658 1240
880 1067
438 758
806 867
212 1205
385 1003
258 639
141 1148
898 1342
545 1237
556 751
543 813
257 780
197 1383
741 1094
46 1022
1379 1389
627 806
564 1060
7 692
512 1044
623 1119
252 752
803 827
165 1189
385 760
274 1286
97 973
1133 1342
143 841
72 804
698 704
917 1116
835 914
215 1280
775 943
307 1223
645 859
321 896
380 725
392 811
206 1018
911 1307
619 1201
115 924
510 771
84 1283
672 1135
905 1055
1074 1194
261 738
302 1315
248 611
57 1014
163 1153
915 978
436 747
182 748
105 1031
144 1292
491 956
484 1120
188 958
1103 1226
850 976
741 1079
73 768
27 1074
642 1385
1123 1192
393 835
97 815
788 1074
832 1090
1147 1163
455 1046
573 740
165 1064
35 1334
632 1397
425 1274
240 1282
687 1069
1174 1374
658 964
345 928
670 790
837 1236
609 803
882 1396
331 719
250 720
696 899
483 768
295 1280
217 904
390 675
755 1331
644 848
624 1030
565 1190
586 690
692 1257
448 955
788 859
479 913
1180 1294
668 1122
649 957
377 737
1069 1096
528 1356
160 915
540 1017
491 649
292 914
274 745
51 1317
227 1333
308 1275
314 1192
435 639
961 1366
429 904
438 638
1330 1337
620 673
150 945
837 1375
95 1074
576 693
399 683
697 837
476 908
352 1078
306 1244
539 808
749 762
69 1175
450 1143
874 946
1199 1256
391 1068
916 1221
283 936
629 981
230 824
323 1345
1029 1387
718 952
1336 1398
507 619
326 657
448 663
23 975
330 874
898 1164
106 936
559 944
1040 1199
905 1353
19 957
123 624
112 816
122 1059
25 645
1045 1382
138 697
1150 1342
647 1204
474 714
380 1013
161 961
89 1058
435 1276
329 1050
623 699
724 1066
748 768
14 1028
562 1331
371 1323
748 1224
605 749
1225 1341
581 915
25 622
219 1031
1037 1312
1102 1240
345 1048
182 1085
241 707
175 913
414 1392
352 1117
885 1054
756 1017
452 747
95 881
1016 1263
539 1327
650 800
282 916
861 1185
154 951
1005 1200
228 1168
208 751
1037 1369
1004 1367
263 1175
179 1252
741 1292
345 1124
173 1336
839 845
618 1174
116 757
1070 1191
304 696
49 739
987 1008
442 630
66 702
1043 1383
281 661
130 752
312 1327
689 759
8 1274
410 1044
505 1297
944 1259
664 1098
365 1290
613 1327
124 1019
895 1046
7 1145
609 1094
804 814
721 986
699 1002
765 1004
123 706
651 784
710 1195
767 980
553 898
1176 1379
318 1184
630 1071
367 793
1091 1241
904 987
284 1346
171 638
264 1126
1088 1298
256 697
493 777
812 1002
860 948
402 1119
62 834
1110 1204
640 1371
593 1240
443 1365
526 1276
929 1153
480 703
739 978
507 1288
1089 1187
330 662
341 983
1070 1277
691 832
150 827
592 1341
937 1156
345 1335
928 957
289 1101
685 1146
645 755
155 1376
644 1170
451 909
645 1238
323 758
165 760
583 1082
697 981
741 1391
762 1145
974 1263
414 980
38 868
1080 1219
169 929
1134 1268
224 841
837 1230
234 1216
1185 1355
360 726
885 1302
247 849
176 704
394 725
232 890
975 1388
936 1112
736 957
383 801
1135 1215
752 851
719 938
849 873
355 1269
520 768
34 604
169 715
265 1296
591 976
958 1382
793 1065
557 629
833 1391
504 1343
610 762
6 910
430 791
294 1008
856 935
313 907
212 697
153 1278
467 826
814 983
361 1197
844 869
787 868
451 1307
245 771
445 780
294 1185
435 775
736 873
504 1020
296 1131
615 1202
369 1185
937 1094
612 1000
366 619
753 814
187 1106
279 1068
629 716
455 618
898 928
50 1222
46 1157
578 1332
597 1125
451 902
525 1366
157 752
476 1165
509 658
1082 1166
707 955
386 1029
556 1163
871 903
863 1277
19 1002
804 1379
616 707
345 658
338 613
910 1094
350 1030
526 1338
13 864
376 993
95 957
1108 1271
259 830
585 761
635 1064
387 879
60 1367
600 829
360 743
130 947
707 1342
1214 1240
476 1086
511 897
18 939
42 962
286 868
351 613
623 1375
577 1065
161 1293
328 1234
239 1060
1169 1342
111 881
155 747
794 1012
328 979
523 1140
290 788
367 997
127 839
107 752
122 665
421 1319
385 1031
11 1361
291 600
888 1168
626 655
283 1232
303 700
792 804
454 1172
583 859
1104 1153
569 1363
450 1275
578 891
592 1184
44 1207
938 1225
853 1114
862 1358
509 751
727 1397
1166 1383
357 1002
151 745
495 784
468 974
135 609
629 1196
733 909
1054 1349
53 960
427 905
584 619
1056 1258
552 970
691 969
689 922
526 1016
288 1095
447 711
608 1103
544 922
853 978
641 1041
725 767
697 704
583 885
105 984
262 685
712 1127
632 1158
288 829
1220 1264
646 902
621 821
104 837
897 1364
697 757
204 1075
219 812
246 962
607 843
330 1381
979 1146
394 1320
46 942
384 1130
120 608
65 884
246 1299
788 1386
1230 1258
932 973
157 700
279 830
1114 1205
956 1033
276 1023
434 1010
743 1094
45 840
1328 1390
374 1302
466 1365
850 985
159 795
491 877
451 1016
150 1072
548 611
290 653
196 718
170 1032
307 711
828 1192
394 1337
167 907
1308 1376
965 1106
199 760
331 885
983 1270
547 1161
1084 1165
813 822
1120 1228
467 782
481 1158
462 978
509 920
237 819
104 1017
450 984
734 1104
47 975
963 1392
743 1128
373 710
35 1351
133 1180
591 943
711 919
938 1035
491 638
640 1183
301 793
568 1178
98 1104
492 1307
954 995
987 1235
213 701
370 686
229 1234
740 1215
1301 1307
625 683
71 1388
470 1304
406 1093
166 624
168 1395
206 773
80 887
122 993
154 1230
313 1007
328 1188
82 903
524 1113
393 1390
151 865
721 874
237 743
339 840
1089 1247
153 791
288 955
1026 1298
363 768
166 697
122 904
220 786
823 1342
38 1221
231 971
593 617
583 782
260 788
576 677
543 792
497 736
561 887
1100 1199
93 1288
568 1024
38 832
460 837
226 955
428 1119
47 1397
623 843
582 601
554 940
470 1264
524 883
188 638
473 1327
383 776
1116 1266
770 1159
122 806
719 951
1292 1399
68 1137
225 780
7 1098
734 1209
452 733
710 972
613 1235
584 601
570 1340
397 877
437 649
1055 1332
658 834
269 1351
768 903
348 1266
596 1362
564 1247
548 792
451 604
56 709
18 618
456 1138
849 1008
584 602
273 1255
311 787
272 1270
192 746
355 1365
290 970
377 1050
937 1074
989 1063
254 1170
165 1325
366 926
742 1050
407 794
300 637
598 757
987 1128
55 1321
831 1075
70 1396
650 689
912 1176
543 1221
638 1199
431 653
276 1249
942 1102
190 764
79 1021
582 939
492 677
630 748
373 1381
588 1107
70 855
605 868
488 929
541 735
563 855
353 703
298 1372
77 1274
649 1144
241 998
270 947
249 889
61 1234
474 1083
497 703
952 1119
228 883
