1080
390 188
1358 143
549 125
783 121
1239 139
1033 149
1010 188
1157 121
933 176
157 244
1250 109
995 207
773 182
827 181
511 118
888 276
692 261
263 294
710 193
231 219
75 283
438 292
963 198
465 192
366 223
736 264
672 178
1386 286
403 131
70 232
638 247
750 141
561 201
1144 103
222 283
833 276
900 229
719 108
246 190
76 247
1134 242
1327 241
875 123
262 165
505 140
1388 262
874 133
75 226
1204 167
1261 281
689 274
968 168
872 175
1336 133
1181 195
1112 204
613 103
1320 130
869 246
290 188
410 208
257 133
1215 210
642 214
1179 191
1231 262
752 247
325 174
184 151
1391 300
1283 172
635 232
629 124
1301 184
391 228
166 105
564 300
326 188
60 139
897 162
527 280
814 162
695 269
620 226
795 250
191 266
359 159
775 249
437 288
825 272
1283 277
1144 222
1400 130
567 280
801 160
1168 207
661 300
41 220
314 284
560 295
1001 218
60 225
1393 194
104 269
530 156
1021 120
744 110
1332 270
258 140
222 172
1200 222
1378 142
633 115
1204 224
51 107
494 177
1270 271
324 220
1239 299
195 164
1037 172
520 215
1191 217
244 177
466 294
950 119
1182 123
730 103
1174 255
1102 182
941 228
944 271
660 172
37 275
570 225
353 171
69 106
1355 144
1279 241
1376 157
494 233
519 115
308 226
377 273
512 244
1369 294
176 216
179 237
921 254
270 259
871 170
1213 254
1145 233
47 218
480 178
592 295
131 150
1034 229
1306 156
424 140
1102 184
795 109
1317 267
438 157
278 291
1005 266
1397 147
552 231
1196 136
224 119
810 163
80 110
808 290
228 223
737 181
245 121
668 236
687 245
1324 275
809 126
265 106
527 270
1078 286
120 156
486 175
935 236
172 223
1391 248
1306 199
287 257
736 165
637 103
1120 188
803 250
1256 180
71 255
567 132
1317 251
467 166
1323 114
729 111
757 188
474 130
1217 102
546 226
184 103
319 236
1363 171
577 176
782 214
120 225
461 234
229 148
36 234
159 126
397 159
673 212
506 138
675 209
811 137
943 291
183 205
1376 150
139 217
252 220
68 186
776 193
242 281
34 210
1246 149
24 110
1327 288
1287 278
856 253
48 158
739 252
385 158
1242 200
661 280
764 174
785 158
3 107
1216 216
1235 194
1356 102
1325 266
609 125
1288 242
631 132
1093 136
965 115
271 251
1080 201
929 263
65 269
578 146
1301 213
74 278
1330 288
361 257
629 110
736 250
628 198
1308 254
891 225
1095 178
946 134
1062 169
634 255
1197 110
700 295
815 223
381 202
1058 136
6 145
219 295
965 244
173 215
236 246
1000 284
828 120
506 243
371 213
345 188
692 246
1052 115
1016 238
587 134
423 281
1149 295
1207 259
1025 150
834 109
284 235
13 204
598 261
1070 222
606 153
571 274
684 127
833 210
565 257
73 127
902 222
622 159
451 148
471 128
59 175
872 179
371 286
837 270
1279 171
1346 123
559 214
768 145
212 283
880 205
1192 119
1068 120
227 126
383 171
808 217
32 176
327 287
293 170
216 256
354 279
5 232
795 138
890 283
284 174
29 280
886 182
1186 106
601 272
1060 288
441 154
1073 160
323 102
408 287
992 264
1183 261
1125 126
507 247
359 281
661 174
452 261
81 168
36 198
666 211
69 116
1156 121
573 146
904 235
266 103
1166 167
1227 219
1273 184
631 117
5 123
873 225
1008 195
418 214
1055 207
93 214
980 230
136 287
738 297
690 285
661 267
589 180
1168 181
623 122
735 214
291 157
338 111
160 176
1240 300
194 170
321 120
272 191
1048 252
1257 108
736 202
116 206
1064 226
1161 266
365 296
702 194
857 294
1078 116
1054 151
259 279
282 173
401 112
871 196
323 280
26 222
647 124
197 296
257 136
268 270
1325 212
239 254
1170 232
1216 190
490 136
344 133
1157 238
1391 160
209 285
341 228
1314 277
131 148
122 264
740 252
1056 152
800 244
699 184
4 186
1081 255
73 245
337 151
616 148
718 130
804 225
1090 115
1068 266
71 257
1265 295
48 210
141 122
102 143
682 147
390 222
514 208
791 206
688 191
672 233
1084 143
933 300
1280 108
580 263
366 217
1365 124
1384 111
618 113
30 148
390 283
896 188
636 169
1083 143
957 178
620 161
687 172
967 278
77 146
1004 172
342 284
802 118
462 112
103 135
766 110
117 244
694 178
175 237
1126 261
603 192
833 111
434 227
285 134
1284 254
1373 187
1159 195
666 221
819 135
132 226
840 211
834 299
405 269
694 128
849 177
1347 283
397 266
1233 291
1139 215
1139 196
1313 246
851 185
1090 179
825 170
530 149
1125 293
99 263
1175 154
559 135
7 198
1317 258
145 162
493 196
841 133
269 258
255 103
630 144
857 254
1315 185
286 262
1198 121
211 291
1250 165
1220 135
887 292
1066 242
1376 244
217 290
287 103
713 248
1005 165
1394 299
517 203
1322 284
549 136
1175 149
748 229
915 250
631 245
1072 230
1236 133
267 231
1376 189
837 209
939 295
624 232
396 193
965 196
193 299
1159 297
654 187
543 183
845 161
1129 274
1273 117
1344 100
71 299
795 152
312 221
44 223
156 255
1341 226
954 195
946 276
858 200
889 163
1257 150
672 150
1303 169
473 282
1283 297
1257 271
557 125
817 208
420 273
273 224
355 222
210 227
815 206
406 124
1364 271
809 138
461 286
367 233
1000 192
431 292
138 207
207 214
1226 204
147 246
313 149
244 212
204 281
541 264
819 215
329 176
727 129
796 257
1283 199
1308 205
526 239
1181 154
242 223
837 173
797 214
1383 132
1080 129
914 219
123 158
1037 168
309 209
571 230
1179 144
1136 130
1270 123
443 114
591 189
46 229
654 267
1105 293
1284 117
700 249
1027 135
821 113
157 158
689 141
1066 110
568 218
508 250
783 258
518 123
433 111
863 132
460 178
485 261
1132 153
16 206
666 221
387 182
1082 264
150 238
1250 172
1215 210
702 161
150 250
692 202
214 113
1313 265
297 213
469 281
125 256
1163 101
651 190
1282 168
2 191
688 299
992 290
18 271
752 198
827 173
1258 210
449 233
856 154
197 182
120 121
40 287
53 210
1123 180
1132 184
1293 139
386 213
435 213
893 195
354 139
625 109
579 114
1220 261
55 122
312 166
308 111
908 207
522 213
690 272
1261 227
1214 124
1062 111
1343 250
877 233
1153 166
510 160
680 218
1274 154
1175 128
304 210
748 187
39 114
296 177
93 181
974 292
620 132
362 127
280 222
954 184
157 171
1312 296
1396 285
432 134
157 104
94 275
527 270
549 298
1331 222
1377 229
614 190
438 289
576 179
57 215
897 138
73 179
1385 239
524 132
687 142
252 206
583 120
305 109
1270 245
1265 250
656 245
1364 222
58 108
638 187
43 134
223 221
183 287
735 207
1222 265
914 242
770 164
374 266
1232 198
1071 236
357 226
29 288
753 104
1104 293
280 234
231 169
928 165
310 273
368 129
395 234
823 257
863 295
349 120
1072 132
1328 278
851 137
996 199
54 253
702 274
482 149
1389 198
407 149
194 213
269 114
159 297
1338 234
623 214
294 214
607 203
217 112
477 189
259 273
230 290
580 234
262 173
769 214
846 221
897 133
172 272
1020 289
253 243
115 270
696 292
1141 217
1040 297
1101 253
335 223
65 242
1210 141
477 176
60 224
633 252
614 243
520 220
1078 148
584 105
739 108
220 278
1026 208
1075 132
59 234
1309 270
1271 230
1148 203
1268 247
411 130
555 173
520 228
605 204
46 161
327 157
421 226
786 161
95 160
1215 118
1028 153
227 144
502 169
701 208
1050 237
1380 121
483 285
850 235
147 296
931 292
906 205
52 284
1119 143
904 271
226 256
14 108
938 233
589 266
792 194
279 255
584 257
580 193
577 238
1281 134
639 242
1146 186
837 181
1363 175
587 229
543 122
475 237
475 185
1028 179
693 129
702 296
439 112
865 211
534 226
954 192
1256 294
1370 175
461 163
601 121
21 123
498 170
281 108
698 254
1070 271
112 197
252 253
223 276
634 265
306 152
823 196
320 231
1021 285
905 154
561 196
906 161
496 183
1343 147
497 291
1100 287
1127 208
605 114
1027 274
33 101
1113 167
627 104
707 204
1083 120
399 128
686 128
739 245
1250 140
784 254
852 271
904 214
1396 235
1036 286
765 295
1010 268
241 173
984 191
635 176
261 268
671 224
558 102
1238 271
1123 113
1067 274
1 243
473 295
25 170
13 144
704 171
272 299
1215 293
760 291
195 288
1330 257
823 260
885 140
672 105
636 271
1077 255
1363 278
995 107
389 119
667 188
595 107
672 279
948 222
329 269
1325 183
1195 297
1209 220
346 234
1157 184
1211 259
1064 112
1267 148
374 106
537 259
511 215
1241 223
13 211
538 219
537 159
555 173
1364 283
747 250
674 201
652 167
64 252
645 269
963 185
981 258
647 129
929 259
336 145
404 279
1000 286
1264 262
988 221
992 223
1384 146
611 118
1352 136
72 257
884 185
121 273
1373 141
623 177
1392 134
967 235
1341 126
541 115
925 107
1245 117
1057 177
1224 116
1037 217
1130 206
772 181
1145 205
571 179
1195 252
936 156
948 105
1225 268
310 203
517 138
270 208
595 120
559 121
618 278
1103 292
711 282
906 285
801 191
637 183
1195 234
702 127
755 242
135 135
122 163
18 282
1032 171
550 116
452 280
138 149
1050 147
489 290
883 201
384 178
57 126
457 187
1100 142
1076 251
583 146
621 265
649 181
52 148
312 217
601 243
1111 257
401 109
572 158
1079 261
99 104
716 279
1359 273
1148 170
521 162
300 276
894 112
1324 279
489 132
468 288
847 255
819 256
1144 180
899 230
296 212
789 195
30 181
695 275
831 157
907 295
266 288
649 257
648 192
1144 103
473 132
988 120
211 105
1105 108
1216 180
291 155
659 149
307 177
1353 277
747 120
1097 276
80 116
150 254
60 234
87 103
833 101
423 206
903 213
742 125
852 139
703 256
330 273
273 270
538 295
349 149
422 153
1348 215
680 211
332 138
1101 239
1204 299
814 182
915 219
71 279
946 240
1126 201
186 126
14 188
559 274
610 114
82 300
1339 243
1361 168