-0.4771617995501851 -3.1272600909910544
2.2227899116703056 0.8531991758681543
-0.1900689583221661 -2.724257681399434
1.9449728997348374 0.5307859370600432
0.3664365009630441 -2.74732360413123
1.7981272211303316 1.4639568254056414
1.8607646420132273 1.0827702172878682
1.9606733506071625 1.274213048589767
0.4171882933243811 -2.8597007876972653
2.4265282985431558 1.167076764422179
2.1822374700869265 1.0433447023246214
2.05962751671486 0.9552691644280941
1.96228417102794 0.828547465496156
1.0642080763407475 -2.498833947274565
1.2221612349416007 0.7149539894951957
0.6632734421752138 -2.5079116991663466
0.062417078358732 -2.7977661348840184
-0.4980142560521397 -2.9420846277766373
2.6149152250245105 1.1704890279673488
0.3475781074236404 -3.015753330123141
1.528568199249411 1.0705062057663104
-0.1122333195190286 -2.614370823523558
1.6480619145438156 0.9522587112830992
1.5597195309226035 0.672219074224605
-0.1450493260706407 -2.7548225116658775
-0.1512564690307908 -2.837740847558967
1.8614375956908822 1.185401439405955
1.4195765004934262 1.0650328734620251
0.2932694474899828 -2.7355812820424745
1.4840249848209233 -2.114537833429895
0.9003679144569054 -2.4659181479126886
1.4538369823964352 0.9936302461695908
-0.1186299171174011 -2.663211409481002
0.4595172141169208 -2.5186158617915666
1.2421898360378567 0.8756015456524643
-0.4627216738719206 -2.894804843549618
0.0065454528872777 -3.149216788542188
0.3120640150703741 -2.912546216253798
1.9018371457091916 0.7211898804477439
1.3896133807862456 0.7384774267838087
0.1695973627142273 -3.026482348422465
0.4790054646292824 -2.5881498147069864
-0.0080554747758835 -2.71642950165386
-0.3208711206925929 -2.9260149888431615
2.1236907180769418 1.4405999524720257
2.0970749895266776 1.619024690896557
2.597565677766147 1.3528550546932154
-0.0687194930175759 -2.841902494759569
2.6484403669951457 1.622619675925464
-0.3861252834676544 -2.8038224681458166
0.388423411397256 -2.277040869323214
2.2668656063690635 0.969972890745433
0.0935644980452246 -3.1950734241010794
2.5013749424848646 1.491092394545502
-0.3191555712314458 -3.1087335815511183
0.6743235674365743 -2.4958669926067265
1.338491498761766 0.5507216418316294
0.6175339788587669 -2.9764391713373115
0.4255078702884592 -2.101914904908546
0.6214695058330238 -2.223308166827794
2.058719565252487 0.6422573248792667
0.2413569563661183 -3.0273955472498795
0.751534628543563 -2.683057516224795
0.4560149494841849 -2.322130150581066
2.6397058142303775 1.4286754775296577
1.0376531002823843 -2.0407188093656057
0.3540305316392373 -2.4867306538763096
-0.0022165023570569 -2.7971141410213556
0.2440766267528283 -3.0038928988876763
1.9948366743520416 1.661949207046582
1.9749973187753882 0.8787564693572552
-0.6770336601692376 -3.160708511215137
0.5232185253513006 -2.304494343565717
2.090502857355236 1.627739818869383
0.5642603863227958 -2.3011644509234874
2.8569963667246614 1.4139249402686842
0.5255212388522154 -2.1896871772360136
0.5867333636376167 -2.94900832699663
0.3486148492011408 -2.7573821733730184
0.3212636707234207 -2.1093585827413794
0.3268395331621838 -2.9204276184426976
2.3233066374725375 1.1643204444776913
1.1273047009924009 0.7821649273998251
1.1507070026167805 0.6241439422331615
1.709628385353542 0.9538697833984205
1.2811138176657952 0.6874479800083004
0.5985387866089448 -2.4141050993487503
0.0763195430024335 -2.8721997668922734
2.757293407416317 1.5160737735568786
2.1545487508012013 0.9275764785350069
1.8122662116516426 1.2625522113662013
2.2380378341767786 1.500718772856459
1.397861386914518 0.8969187715682528
0.3620407086410311 -2.4530349967910157
1.9531724562511055 1.1667887459535624
2.2687012304434417 1.1313498525460277
1.345985697509915 1.0345924158924191
1.2058812236030634 0.6330249300481656
0.3109760912035468 -3.1389943405026255
0.6356878391533495 -2.6741505426643
