27	100	25	48
24	98	4	20
7	95	25	5
21	79	62	37
43	56	13	9
97	98	62	14
92	77	44	7
82	10	36	38
25	6	14	40
56	71	97	9
12	23	85	26
44	65	50	20
14	100	53	23
99	83	76	38
49	24	68	47
64	42	66	7
99	50	51	3
88	72	97	1
91	13	84	7
25	83	95	38
37	99	61	1
56	41	86	22
98	26	41	44
42	71	48	27
53	3	9	37
42	97	6	30
67	88	9	9
89	40	58	18
86	66	35	18
47	54	89	21
81	82	80	9
31	59	38	1
91	3	24	36
26	41	52	10
37	61	53	27
7	28	62	46
51	45	83	41
71	74	66	41
6	54	100	47
78	79	68	14
34	2	68	18
34	37	47	40
76	84	79	41
27	100	82	46
37	66	95	11
38	10	31	23
32	91	54	6
96	87	72	3
81	4	15	45
23	86	26	7
55	94	69	20
57	9	61	28
14	12	68	25
31	65	10	49
16	54	63	24
7	82	3	23
38	64	78	22
88	94	94	32
56	7	35	7
75	5	6	27
34	38	45	30
82	84	51	5
38	92	30	26
20	12	100	19
57	98	42	25
61	2	50	5
27	1	49	6
43	80	77	46
62	50	94	50
51	23	46	13
63	19	97	20
80	33	90	31
47	13	96	39
63	23	88	8
96	44	72	31
1	80	33	21
60	44	43	19
57	32	87	11
11	28	79	47
43	51	64	26
63	95	82	15
24	58	53	11
94	31	100	31
62	56	57	41
74	77	90	29
94	4	71	32
24	59	1	12
51	93	89	16
23	4	71	42
88	12	51	37
58	64	99	8
74	62	64	46
53	42	32	2
89	75	12	31
12	54	63	37
56	69	44	41
48	59	95	37
8	38	80	41
21	12	60	32
22	93	13	35
39	79	40	7
80	26	99	7
59	99	3	27
68	24	15	42
40	79	16	41
55	42	63	43
51	20	21	5
21	85	27	18
20	90	21	7
65	28	92	32
75	52	81	13
12	17	32	49
9	44	96	21
57	22	30	43
11	47	59	37
1	55	39	47
90	73	88	23
94	71	27	4
66	90	70	15
73	10	43	3
55	56	31	36
64	83	60	19
48	88	56	42
13	93	72	22
32	35	23	17
30	9	54	35
38	38	38	50
86	7	63	15
66	83	60	17
97	84	17	50
25	8	29	15
2	21	85	8
62	18	64	23
30	26	81	43
84	90	87	50
56	81	4	43
31	69	42	30
71	60	53	40
27	10	97	31
93	96	50	11
5	48	57	23
1	43	11	31
28	67	98	14
19	8	11	14
99	3	94	42
22	84	63	39
60	4	39	40
6	64	95	16
89	62	66	42
78	68	4	30
99	52	98	39
50	56	20	15
54	52	90	36
81	9	67	10
12	4	74	47
7	41	69	3
67	73	67	43
63	56	83	35
68	11	53	5
23	46	13	40
5	80	20	17
26	21	63	3
3	98	80	37
17	78	20	6
48	6	29	14
22	5	17	38
36	62	40	22
28	11	65	23
56	61	35	1
100	42	36	38
13	13	59	4
100	40	15	31
60	11	90	9
10	25	98	2
47	10	35	50
19	9	67	47
45	1	39	39
95	53	38	7
27	92	94	18
37	36	6	18
90	63	100	28
44	12	25	33
27	26	9	10
54	14	47	32
48	25	74	20
31	24	5	6
66	43	26	45
32	84	74	26
76	19	7	24
59	63	19	39
83	93	59	10
50	69	86	5
39	67	16	36
83	39	71	31
99	76	4	1
6	33	43	31
43	15	4	16
36	90	38	28
40	7	13	35
10	71	12	40
23	75	77	19
27	61	59	46
69	81	20	40
66	74	30	28
60	58	88	24
41	23	20	8
40	89	70	35
8	46	89	42
79	20	64	31
80	74	81	49
52	72	7	8
7	70	28	17
41	27	48	10
6	86	53	34
78	6	51	35
85	43	36	28
12	43	3	6
87	95	39	14
81	9	33	9
82	54	79	28
28	90	40	1
6	49	77	35
21	52	9	29
9	18	83	25
45	45	48	10
44	98	94	37
69	22	78	26
5	65	93	18
55	12	67	15
89	3	82	28
19	13	71	11
5	87	9	12
73	26	33	24
10	92	22	24
8	71	98	40
90	1	81	37
6	17	84	37
56	80	22	39
49	23	74	43
80	92	11	2
25	12	80	36
90	77	69	45
32	57	39	38
100	66	16	31
58	82	21	12
45	48	71	8
46	71	40	19
86	60	70	47
48	61	49	25
10	63	52	10
60	9	99	16
12	2	83	9
29	88	30	13
63	47	78	17
25	19	46	23
78	67	100	31
28	31	6	10
12	62	55	13
26	20	55	16
5	62	5	22
22	47	50	10
93	1	38	9
13	15	50	8
17	80	67	22
15	70	46	1
61	93	97	34
9	87	27	33
43	28	22	14
92	73	5	34
82	35	14	23
9	55	48	21
93	18	24	31
87	52	77	12
77	83	41	44
85	39	14	40
93	100	14	1
41	22	49	27
78	94	23	30
84	60	5	24
32	46	68	16
98	84	86	42
18	53	28	13
69	85	86	26
18	37	25	12
64	3	95	37
25	1	50	8
48	18	67	4
46	52	92	25
81	81	22	10
77	41	44	7
14	2	6	5
63	54	3	15
42	31	55	39
27	4	62	22
25	37	20	39
32	40	22	39
35	16	100	12
56	79	48	38
34	50	15	49
12	48	17	38
21	77	79	16
8	51	66	34
85	96	69	21
3	71	63	39
89	50	44	24
15	46	31	36
51	17	27	34
42	87	29	39
30	31	40	23
100	63	17	27
47	77	59	42
70	98	100	12
15	58	20	40
40	50	47	39
70	17	53	29
64	62	85	42
99	40	29	31
24	51	6	22
98	66	11	34
25	100	72	5
53	65	18	29
100	12	25	50
54	33	45	28
64	30	24	2
17	12	75	34
99	87	60	29
23	45	11	23
59	85	38	39
99	47	48	4
66	20	94	27
83	98	81	45
24	85	33	24
95	6	34	16
64	73	94	28
68	29	37	33
94	76	25	20
72	63	63	22
3	52	71	37
87	87	87	87
8	95	64	42
3	59	50	32
57	67	80	49
99	34	48	24
59	23	14	14
27	49	37	41
26	26	58	16
99	95	9	39
50	47	62	48
47	5	82	12
46	84	66	6
11	91	30	47
30	23	21	35
12	53	23	10
93	12	82	32
83	11	47	38
3	51	28	3
34	26	84	12
73	60	58	5
1	93	49	49
2	45	15	20
64	64	30	37
19	50	64	11
42	79	32	48
63	16	47	34
45	72	39	35
49	89	22	1
26	12	38	16
8	41	64	36
8	26	56	15
87	69	100	26
2	68	2	1
18	32	27	36
89	70	40	28
80	25	42	44
79	6	17	43
35	71	99	43
60	93	96	36
23	74	98	3
96	4	32	4
81	32	34	42
14	4	69	4
18	17	65	20
19	53	72	39
62	16	9	14
22	74	34	34
17	68	10	44
7	23	47	35
97	8	1	25
34	46	31	2
81	75	1	42
2	17	23	23
42	55	78	23
92	37	37	37
20	20	5	17
2	81	30	36
63	40	82	13
78	30	72	21
17	51	96	7
60	100	99	46
26	6	68	19
7	75	90	26
58	4	90	35
91	30	74	27
60	19	100	40
99	45	59	24
27	67	37	18
88	98	80	4
46	65	10	40
71	86	5	7
7	100	56	14
54	48	49	20
57	77	15	18
67	62	41	1
68	55	23	28
40	9	67	21
15	6	95	29
73	58	82	28
40	74	55	36
19	32	57	13
31	58	2	9
96	97	16	1
4	26	79	46
79	43	4	43
29	38	12	50
26	9	40	20
57	7	3	6
62	55	64	5
15	66	62	39
75	2	82	42
70	60	24	44
15	58	35	22
98	38	1	42
41	29	98	14
38	26	34	33
57	11	80	36
8	97	71	36
45	90	92	39
91	2	75	8
61	29	95	34
81	32	11	6
7	68	67	40
59	63	67	24
63	41	26	34
19	14	78	19
58	29	36	37
49	70	13	20
63	21	96	14
60	40	91	3
52	46	3	24
92	5	48	12
32	39	60	20
45	89	8	50
21	25	91	28
71	47	83	20
17	13	67	2
19	5	16	41
43	99	91	30
13	43	20	7
73	56	24	48
38	16	83	22
60	2	91	27
2	63	37	13
29	88	67	4
38	18	28	30
74	62	79	41
11	34	48	35
17	75	62	4
92	37	92	5
9	17	1	7
52	72	55	7
100	72	24	22
28	97	99	9
90	43	54	32
57	16	99	28
92	33	61	1
99	40	47	26
38	20	20	42
49	13	94	39
57	56	76	27
94	99	91	2
96	39	59	36
2	41	95	39
9	96	76	11
37	91	93	36
27	36	18	7
99	6	43	21
84	48	29	3
40	21	33	43
20	11	59	1
76	95	78	11
57	95	2	49
71	9	37	21
28	18	52	24
95	3	15	34
77	16	16	37
35	18	42	48
10	64	46	48
51	87	48	37
61	13	38	6
87	93	75	42
20	37	64	33
58	13	40	20
43	12	99	7
45	39	23	23
3	14	11	24
79	28	24	40
68	33	20	19
65	30	41	33
14	84	72	4
65	93	90	4
58	86	14	26
58	85	15	8
38	27	71	18
23	56	70	23
36	17	74	3
54	82	87	43
73	13	19	48
44	84	53	19
63	87	41	27
1	77	77	34
39	40	99	32
16	17	53	40
22	78	8	35
42	70	42	13
1	13	81	36
69	87	91	44
10	29	46	35
41	62	60	1
21	27	71	47
28	69	59	17
50	42	84	22
81	44	84	7
12	28	78	25
42	56	93	23
73	18	59	11
53	18	43	47
53	62	81	16
95	8	41	2
97	21	32	46
70	52	21	10
65	39	1	3
3	97	52	23
15	1	40	37
92	64	70	25
60	4	96	33
70	41	75	1
42	47	48	22
71	59	64	4
80	98	30	18
52	20	31	10
23	74	16	8
1	53	83	1
7	14	30	13
72	73	66	2
2	52	18	4
28	40	86	12
61	74	29	8
87	47	100	5
47	4	25	6
64	61	75	14
21	35	75	14
8	62	66	42
85	88	1	48
90	98	13	27
65	88	84	23
17	100	20	10
26	91	5	1
59	36	30	7
5	78	60	3
47	8	27	45
53	94	54	21
53	91	13	32
85	94	92	12
59	75	9	28
11	3	49	10
4	61	52	20
70	95	93	1
88	90	82	40
4	65	30	32
55	81	63	13
17	76	47	15
18	61	60	48
20	36	73	35
37	8	94	35
49	33	85	24
87	6	21	32
94	77	24	9
93	32	86	16
43	39	48	16
41	82	75	18
97	42	87	29
83	82	86	4
60	49	20	46
54	59	27	8
71	82	78	36
92	50	98	21
89	70	89	28
67	42	43	26
14	35	68	4
92	35	50	30
13	75	60	44
53	29	11	47
52	76	62	30
34	97	40	12
28	21	11	24
20	27	71	9
86	35	82	32
84	13	75	46
45	16	85	29
89	4	60	19
59	86	16	16
60	64	100	40
19	97	91	20
11	32	43	1
17	84	15	23
90	91	20	31
28	92	13	9
80	95	38	49
49	37	47	47
91	1	48	9
58	39	79	5
91	70	31	14
13	9	63	42
56	20	100	41
73	59	51	48
33	69	17	33
60	16	34	37
52	29	60	4
40	93	23	6
90	94	37	29
41	29	46	13
53	26	45	2
49	21	71	37
55	66	59	50
100	78	78	32
46	18	41	5
9	80	80	32
66	40	100	39
17	43	23	4
53	79	28	2
65	66	48	1
57	20	56	33
1	94	64	9
21	16	94	38
17	16	45	47
37	60	63	31
21	16	65	8
51	33	98	1
3	63	40	49
75	40	41	25
78	81	100	18
99	47	32	42
1	9	49	43
86	25	30	2
75	40	56	6
56	47	99	8
15	34	80	40
73	48	59	25
96	33	70	28
54	92	13	4
72	13	32	13
19	43	78	3
61	90	10	8
31	66	1	49
97	32	61	47
29	9	96	45
35	74	17	13
9	66	91	45
65	68	77	24
70	64	86	12
74	99	90	49
90	83	61	1
63	60	40	33
45	50	56	36
61	94	55	34
4	99	19	37
3	35	67	7
48	54	92	35
76	55	28	40
17	59	81	16
29	20	31	2
68	54	3	47
86	76	42	14
55	46	79	39
10	42	23	42
25	7	28	48
34	8	50	4
47	84	62	15
69	19	9	29
44	80	99	27
36	67	91	36
37	39	71	14
21	30	40	31
26	17	84	17
31	89	1	45
95	65	35	10
1	41	48	8
16	44	70	32
3	45	22	29
50	96	46	48
100	54	24	47
67	32	65	22
75	84	67	36
13	42	49	13
96	38	94	29
8	43	99	26
72	98	97	50
43	86	85	26
87	15	2	43
73	54	28	48
88	3	59	42
19	86	52	33
76	47	8	18
4	6	98	15
26	81	33	1
79	89	97	14
30	86	88	45
34	30	15	47
78	8	33	38
85	46	91	14
93	42	73	36
21	9	82	49
89	32	78	36
74	98	8	1
36	100	9	11
97	48	60	5
86	33	94	34
93	28	23	39
2	16	98	18
85	66	89	13
95	84	65	1
35	55	78	18
41	3	50	14
96	85	16	43
59	64	7	2
73	96	58	12
32	57	16	37
75	71	21	16
98	22	3	47
12	25	16	18
73	92	67	39
83	72	5	39
5	24	60	34
9	26	98	13
12	63	37	30
4	99	12	2
100	23	25	36
91	83	16	12
35	35	12	39
99	33	98	34
70	93	18	22
46	70	41	46
42	36	14	46
68	66	98	25
42	23	22	35
76	47	10	31
67	57	67	29
96	21	75	36
18	31	45	2
42	28	36	1
27	6	5	2
87	80	29	31
56	25	69	11
24	26	62	42
37	5	90	25
4	6	9	36
61	21	54	38
24	79	73	4
54	76	17	10
78	100	48	37
68	80	97	25
24	48	29	33
12	49	78	34
45	39	25	5
29	90	20	16
34	75	60	24
59	45	91	47
62	92	93	7
74	35	31	40
24	58	94	18
54	23	1	42
2	72	80	50
5	99	67	50
92	23	48	31
50	51	40	31
41	72	48	39
52	13	28	21
63	50	97	22
56	98	8	30
37	81	16	6
14	16	74	23
39	51	98	5
52	33	99	1
82	3	41	43
36	79	47	38
46	45	14	20
100	36	38	37
7	46	72	13
83	97	91	26
69	27	70	48
40	26	53	41
87	11	80	41
39	19	86	13
13	88	56	32
16	25	29	50
14	63	23	44
8	24	71	5
48	74	3	11
98	30	92	33
18	29	24	37
11	9	43	28
67	84	96	4
46	49	44	15
17	99	28	1
65	90	41	49
23	21	78	3
15	45	26	13
17	80	37	18
55	37	15	31
60	21	98	19
24	89	94	20
9	27	47	41
53	70	98	39
72	99	79	15
1	45	18	5
94	51	57	9
17	33	20	40
58	90	50	13
79	21	96	47
11	73	33	25
12	46	94	42
94	99	81	39
50	69	87	11
24	60	66	2
99	75	89	17
30	74	86	3
32	6	98	5
87	47	75	21
95	67	3	47
38	78	29	46
22	62	67	45
59	4	19	45
38	67	16	47
78	97	55	10
34	68	89	41
76	61	61	45
56	57	72	41
90	47	34	39
93	48	36	1
5	92	40	5
55	51	35	21
1	65	57	14
15	19	59	30
56	54	24	49
28	22	89	20
66	90	53	41
25	48	20	16
43	57	52	2
72	13	21	15
85	52	90	46
29	82	7	1
6	7	47	44
98	58	46	21
57	35	69	40
28	63	29	48
28	80	35	44
24	7	44	17
37	10	83	1
78	83	75	47
8	76	81	48
94	95	50	30
21	30	29	50
96	55	78	27
27	9	32	18
6	5	79	18
75	11	27	20
55	38	55	2
74	20	4	21
38	16	31	12
52	14	14	30
84	15	70	34
36	53	1	20
78	65	37	36
48	94	94	19
59	93	38	4
15	39	44	47
94	62	86	45
56	47	74	2
58	52	70	27
26	82	36	14
45	30	56	35
85	68	91	26
15	42	31	8
87	13	79	9
16	3	93	12
66	29	86	5
84	29	43	17
3	86	34	18
21	66	19	20
60	13	29	26
37	71	64	7
19	54	48	34
15	61	79	5
92	7	76	33
29	30	60	9
98	76	22	12
81	76	34	38
100	28	79	28
80	24	93	45
16	5	20	40
47	86	41	35
57	15	96	40
88	97	87	25
5	43	22	21
86	32	56	13
72	66	98	21
80	95	75	8
28	54	26	33
76	67	1	5
34	71	16	9
48	39	10	30
18	7	74	8
32	70	86	6
7	65	5	30
76	60	74	18
77	81	80	25
79	20	43	14
34	61	48	21
8	29	87	5
94	26	93	16
42	73	36	49
86	75	69	48
83	83	83	83
15	94	87	39
71	65	20	37
43	67	4	35
91	5	32	50
52	39	19	1
28	82	39	36
87	36	96	21
39	74	48	40
75	58	28	29
43	52	46	43
95	33	16	3
83	98	48	16
23	66	42	42
42	39	66	26
53	98	32	17
66	59	27	28
60	19	98	43
84	93	26	39
84	18	89	45
33	23	73	40
46	81	53	32
93	26	72	38
32	5	30	18
86	25	62	11
77	83	58	29
32	31	60	36
20	8	72	41
85	38	98	7
49	2	88	42
19	31	97	20
28	94	89	15
91	6	81	25
50	3	84	29
52	55	36	11
77	45	77	33
95	2	98	11
100	90	84	41
53	15	36	47
95	75	33	43
35	76	30	7
38	57	28	6
7	69	7	13
84	76	86	5
92	43	74	27
20	19	40	48
20	96	87	23
10	40	31	35
46	96	67	32
73	13	92	5
36	83	76	35
74	66	77	17
98	96	31	13
77	65	56	34
91	66	90	41
13	18	90	19
74	86	11	50
61	3	4	16
14	13	26	4
26	54	42	5
10	16	45	11
98	53	59	42
22	62	33	49
60	51	83	45
99	86	9	35
95	2	71	1
36	36	37	44
12	90	7	29
75	99	85	47
67	17	37	39
29	64	19	48
40	61	71	10
7	1	73	3
91	79	62	49
12	15	88	7
16	66	49	6
3	5	85	39
34	33	50	42
100	100	18	35
32	61	1	30
86	9	11	7
6	39	49	14
51	34	8	35
74	30	26	17
68	60	75	19
60	55	51	47
26	94	63	14
92	92	28	46
64	4	45	35
11	31	32	46
75	79	89	50
78	46	47	35
90	29	49	23
35	11	39	38
78	98	40	6
7	37	33	24
18	63	27	22
29	72	69	47
79	74	14	24
94	87	100	22
3	60	38	25
50	72	20	29
8	14	45	40
77	82	48	24
28	20	88	36
98	51	96	26
83	40	9	16
12	65	14	40
38	81	23	34
8	10	28	2
65	74	84	15
48	37	24	47
72	60	56	27
66	30	62	37
51	58	96	24
99	43	78	34
90	3	71	31
32	37	63	2
8	66	5	19
51	88	50	46
29	92	39	2
8	42	43	39
93	93	57	34
28	47	75	9
46	88	73	48
20	74	94	20
52	94	94	42
88	58	38	46
53	68	51	38
63	60	7	41
67	19	95	6
91	51	61	32
90	16	67	37
79	36	52	43
54	96	14	49
83	96	81	1
51	56	79	14
47	27	7	33
88	67	41	27
50	58	58	12
29	38	69	4
37	32	64	2
73	97	100	42
31	25	98	3
92	66	1	21
70	61	26	48
18	48	25	24
96	76	62	42
91	17	63	3
75	87	4	41
80	9	39	16
87	85	87	11
5	77	68	43
36	67	63	35
1	6	1	35
82	59	4	17
17	59	64	38
58	10	94	40
74	47	94	24
54	59	21	10
73	89	45	35
6	71	42	46
98	19	60	25
12	43	64	12
68	65	61	32
63	88	27	29
89	33	13	12
44	28	59	24
49	8	62	4
29	57	74	40
23	56	38	36
88	14	64	35
96	86	40	10
46	97	66	46
15	26	3	24
30	11	11	9
13	19	97	14
98	75	46	22
96	92	41	32
4	2	91	22
57	41	29	18
33	86	85	25
45	74	26	22
68	12	13	43
85	18	95	30
24	35	59	16
28	84	39	41
45	74	18	10
6	13	44	29
55	39	74	17
20	2	69	38
23	92	8	20
65	95	66	14
65	11	50	34
9	8	22	34
93	5	93	6
34	70	69	29
11	14	54	20
61	94	21	32
61	86	84	45
95	7	91	17
99	57	13	47
40	41	97	31
46	87	72	40
57	85	52	40
100	10	40	50
57	3	60	25
67	65	23	34
52	31	63	50
60	34	64	36
76	48	28	18
97	39	42	29
9	82	43	41
72	6	71	22
50	77	32	44
48	49	17	29
81	91	91	1
1	97	37	11
42	27	37	8
11	72	52	36
62	70	64	38
49	42	71	14
54	70	55	29
59	1	40	26
95	92	73	3
52	47	99	41
84	60	91	1
47	83	40	13
15	55	31	31
52	1	43	22
63	100	51	5
60	92	77	9
40	23	2	19
43	62	25	43
63	10	30	47
1	62	20	8
39	15	2	42
91	42	76	1
63	29	12	46
98	66	51	41
86	14	57	25
3	76	53	39
67	11	65	38
58	53	31	28
43	92	65	32
64	36	80	24
73	64	8	17
41	24	35	27
63	97	29	6
67	84	73	28
93	79	93	41
56	69	85	27
38	2	79	9
33	33	97	17
21	90	28	42
22	37	81	33
94	81	35	8
15	50	19	18
14	92	97	19
94	89	36	24
27	92	89	43
88	74	84	9
10	48	66	19
71	67	93	31
77	93	73	26
1	23	69	35
98	85	59	4
43	58	78	16
92	24	49	21
76	27	64	42
68	65	36	28
52	99	82	6
16	17	85	8
29	80	40	7
69	43	67	37
84	12	41	27
83	1	79	35
71	60	53	22
10	4	81	25
64	75	93	8
100	32	59	19
35	6	27	46
53	68	87	16
74	64	27	3
28	70	16	42
19	30	40	38
83	86	27	6
11	76	62	45
17	31	58	38
58	36	75	2
70	83	48	4
41	37	60	34
99	34	74	45
70	68	67	26
7	74	95	28
6	25	89	22
93	85	61	37
88	69	95	14
31	47	96	3
25	23	51	38
46	67	29	30
82	61	81	13
89	36	92	34
89	1	71	45
78	28	1	17
2	53	23	28
2	5	64	11
87	32	48	18
60	52	38	7
79	77	25	18
42	65	98	22
10	49	7	1
34	62	54	16
33	24	45	35
76	30	68	50
28	100	89	4
6	3	88	37
60	68	50	48
32	33	100	43
61	67	87	14
80	7	24	1
26	47	8	2
2	40	18	10
39	29	43	5
21	52	69	41
22	61	79	19
38	66	21	12
88	68	11	18
26	52	5	39
91	98	56	30
12	20	54	4
3	72	49	45
61	13	54	20
28	65	33	7
64	5	27	13
68	49	86	12
3	24	6	46
33	53	99	4
18	95	97	12
60	82	52	40
62	20	79	15
45	66	29	33
53	100	35	14
25	56	82	46
81	48	50	31
60	61	34	37
28	44	85	43
41	81	50	35
57	36	21	50
8	86	46	2
72	81	39	40
35	96	23	48
58	72	87	10
39	17	48	15
73	34	4	2
27	11	58	25
9	67	24	45
97	76	13	21
43	20	78	8
45	36	55	48
41	37	76	7
75	84	85	5
23	52	8	34
47	84	88	1
53	37	49	12
68	29	47	21
83	1	94	29
51	81	36	37
37	49	70	35
67	13	75	22
49	98	81	7
7	45	21	43
95	15	53	41
15	85	77	31
35	56	21	41
3	11	80	14
87	89	39	19
64	72	48	31
73	63	65	45
10	43	82	21
85	24	26	50
58	36	78	29
35	46	28	29
39	82	39	30
52	63	85	42
32	47	52	21
93	71	46	7
89	75	12	33
31	41	94	36
59	37	73	27
96	9	64	25
74	40	84	47
47	38	57	49
98	95	63	19
28	97	92	34
4	3	10	7
80	11	13	35
80	86	80	49
15	99	98	39
92	5	14	35
18	52	80	6
100	81	68	50
78	48	93	19
69	27	26	49
65	1	62	9
2	13	67	38
21	71	95	36
14	83	63	31
86	42	40	47
57	78	12	3
67	53	86	46
18	49	52	19
71	69	7	35
65	97	84	36
19	97	48	38
86	21	81	4
33	18	42	26
92	63	34	20
15	47	32	16
68	16	77	28
61	25	43	17
42	67	42	41
99	33	51	10
33	41	78	40
87	83	16	26
75	40	6	25
91	38	14	2
92	92	96	8
79	68	17	30
53	37	18	21
84	43	92	37
90	79	16	7
20	29	13	1
9	65	98	31
44	16	46	29
60	64	80	11
90	73	77	48
87	96	8	49
60	81	50	44
47	73	65	17
83	73	34	15
79	28	27	3
87	69	51	6
28	47	50	32
36	99	29	37
86	49	27	8
74	21	70	20
97	13	60	36
91	82	94	12
87	24	94	26
12	47	61	39
49	24	96	45
42	2	54	32
84	92	93	50
40	56	50	22
84	66	25	14
60	81	68	48
74	65	26	12
28	86	90	6
99	42	75	16
42	76	72	42
30	44	8	22
2	18	51	6
6	50	24	19
94	27	27	27
69	17	68	45
99	55	25	19
89	54	96	40
19	85	11	41
62	84	36	25
41	52	82	26
13	18	80	39
16	3	3	28
97	15	72	34
18	94	90	1
96	2	5	41
10	16	43	21
72	60	83	7
22	37	50	39
11	1	19	48
12	20	12	1
26	76	8	3
89	16	22	19
2	16	53	40
41	66	32	8
50	48	76	39
85	81	46	43
9	68	98	48
77	76	94	29
88	23	85	8
5	90	53	13
20	99	39	23
65	78	49	22
31	38	56	6
99	87	45	1
49	89	37	22
95	78	11	36
77	89	85	36
47	82	3	44
67	3	37	21
27	53	24	46
89	24	37	5
61	16	77	34
46	93	42	25
73	45	69	26
79	97	52	36
88	25	3	44
14	78	7	37
100	71	47	47
82	91	79	31
45	37	61	19
43	4	31	37
20	49	24	13
57	53	19	15
50	66	97	47
75	94	60	22
99	94	85	7
78	15	13	47
11	48	38	49
37	35	65	31
76	90	55	45
98	73	98	9
54	61	26	39
53	97	36	47
32	96	22	15
9	36	30	47
3	5	1	7
24	53	1	23
97	98	95	33
29	51	31	36
40	30	96	27
97	54	56	29
9	1	91	33
86	19	10	13
76	19	3	45
1	93	29	47
52	1	50	39
1	74	8	27
27	9	32	49
36	7	10	39
23	68	92	11
21	98	43	29
70	48	53	48
60	83	87	35
91	68	11	47
41	79	91	36
37	99	53	11
91	51	87	39
66	53	93	6
6	54	26	43
67	15	81	23
13	21	95	29
82	87	58	31
14	23	90	11
58	87	40	13
1	36	69	27
39	81	57	35
29	95	21	17
69	51	90	42
76	87	83	32
62	29	63	4
75	99	2	48
80	38	44	11
89	33	17	50
88	85	27	23
45	90	70	47
35	99	64	20
33	82	62	38
13	86	49	29
26	47	57	49
68	99	8	42
97	1	28	6
64	29	22	28
20	60	38	11
55	61	21	44
77	92	22	3
53	60	50	5
8	34	12	24
18	63	12	4
26	29	25	8
59	10	27	49
11	11	31	26
56	87	25	44
6	88	67	17
12	69	57	30
88	93	77	18
68	91	37	31
30	2	10	1
36	26	58	41
72	2	24	31
40	92	2	46
15	32	28	38
21	65	99	47
7	69	62	12
29	60	88	14
26	69	17	43
10	94	18	19
77	96	24	23
12	35	84	16
100	74	8	19
14	69	14	47
26	83	84	17
99	13	85	14
5	27	89	24
70	85	34	6
96	21	35	38
3	97	88	16
62	93	18	37
11	9	81	6
81	17	31	20
39	61	24	2
49	28	79	8
28	6	18	24
44	56	57	37
6	53	84	16
5	37	42	10
43	29	47	17
35	22	15	45
62	61	9	33
28	28	54	25
54	34	70	15
96	34	70	20
31	65	22	11
51	93	59	27
33	48	55	43
85	39	5	35
29	89	17	8
64	52	29	6
15	93	51	10
86	35	49	35
85	80	39	13
33	79	61	2
2	14	83	37
27	4	81	44
46	87	29	33
72	83	54	45
61	38	24	30
70	85	51	27
35	67	64	50
86	46	28	48
84	66	26	46
98	70	85	13
81	98	33	15
61	28	46	14
36	6	10	17
39	31	40	7
24	32	24	31
13	93	63	14
79	52	98	35
62	29	43	43
58	16	48	7
77	90	66	13
12	20	83	9
100	16	56	13
51	31	80	32
36	33	2	38
53	82	52	2
28	77	37	6
95	72	72	31
42	46	100	30
19	14	10	7
12	8	95	31
78	10	49	13
89	79	78	2
81	50	64	33
76	43	80	13
20	68	67	40
20	33	38	42
78	19	79	28
76	18	34	25
2	60	28	43
26	94	26	15
80	22	44	18
10	87	64	17
43	90	4	39
9	10	32	24
48	30	23	6
91	79	15	35
69	19	14	48
98	81	75	24
4	93	56	3
31	7	39	12
57	31	22	30
76	79	59	40
17	92	60	19
16	97	96	15
45	82	69	27
40	44	96	25
31	25	55	28
22	32	32	17
15	89	13	6
71	26	88	33
57	9	14	31
66	15	8	20
39	16	24	29
81	21	25	29
29	31	64	8
9	62	46	7
48	28	23	7
39	79	54	10
49	6	80	13
25	84	87	6
38	62	58	36
76	91	94	16
57	2	32	8
12	72	25	50
36	55	66	13
81	80	48	48
38	47	92	2
62	95	26	16
38	58	59	32
46	3	54	47
94	99	98	13
28	2	62	29
7	65	95	4
86	3	43	40
88	91	2	50
87	9	20	26
25	60	54	38
91	17	10	24
60	89	32	1
100	64	74	50
43	65	18	27
23	72	37	18
42	83	92	26
11	76	73	28
86	92	1	47
85	99	59	47
9	73	25	41
81	70	51	34
57	62	63	26
35	100	60	44
44	15	1	37
21	69	73	34
60	91	33	17
9	35	94	20
55	33	66	31
67	9	13	28
59	41	33	37
48	69	9	30
19	89	90	46
23	81	77	28
37	30	57	31
96	16	42	7
8	80	93	15
27	71	36	40
23	44	74	41
29	59	27	46
43	65	54	8
42	100	37	12
75	66	73	15
63	39	51	11
40	5	12	11
7	79	67	32
18	33	33	23
29	24	100	19
22	81	8	43
95	23	8	43
9	71	10	15
80	33	27	13
26	11	11	14
41	81	61	37
47	42	84	16
80	78	79	26
23	100	23	12
88	48	19	8
85	48	7	21
81	46	23	24
89	32	7	38
93	79	21	39
40	94	13	13
91	19	73	32
16	38	78	44
94	52	16	26
28	74	9	22
23	56	83	40
38	43	86	50
64	11	30	16
20	23	94	16
75	39	91	26
47	98	54	40
66	61	65	7
45	81	58	25
33	34	42	3
40	20	81	37
82	38	30	34
90	15	44	35
41	19	51	11
6	91	97	9
56	55	12	37
34	12	72	4
19	53	33	36
44	100	48	41
12	46	24	27
43	29	30	14
51	64	69	11
30	97	71	45
95	94	81	7
68	59	86	13
95	74	87	3
54	74	91	45
22	75	98	43
37	91	39	3
22	77	26	20
79	53	96	23
91	82	80	37
3	94	70	20
46	61	10	47
77	64	24	14
34	21	24	29
91	57	21	10
33	87	98	16
69	72	7	16
66	38	76	45
80	82	1	39
71	4	45	31
2	4	30	35
42	12	44	26
13	20	66	20
37	4	15	27
7	84	32	21
19	83	27	12
67	42	54	49
21	66	94	27
48	42	61	27
90	78	61	7
96	10	97	44
44	31	22	48
18	21	9	22
98	60	43	7
97	47	6	29
29	80	86	9
1	55	39	42
1	14	11	20
69	26	45	45
24	61	83	31
13	16	64	7
68	47	3	49
40	41	94	31
53	23	64	29
23	92	9	24
55	66	27	47
56	14	53	18
91	12	41	10
92	79	75	18
84	15	4	7
80	6	75	10
7	64	61	45
58	80	96	32
20	61	90	50
66	40	46	31
86	92	24	14
52	84	1	50
25	69	97	9
29	19	43	40
29	12	91	48
37	93	35	40
66	70	35	36
13	1	28	10
76	31	21	21
17	60	90	42
31	42	39	39
58	84	39	1
6	65	34	45
37	37	42	28
90	88	66	14
2	69	70	39
91	91	11	32
89	69	12	41
44	58	15	2
54	19	93	38
75	69	49	48
39	36	8	41
45	16	75	10
76	21	26	33
70	27	65	26
55	91	91	8
28	55	37	12
48	35	81	2
92	17	32	39
45	42	95	4
14	67	46	25
53	39	52	31
7	66	90	9
69	92	24	40
72	80	97	44
23	54	27	30
63	39	93	20
6	40	52	26
87	16	13	18
59	27	77	29
37	56	56	18
56	79	64	27
87	73	99	5
32	33	83	28
30	37	58	50
15	5	28	43
76	68	18	19
14	32	24	47
15	55	7	41
30	73	59	25
21	12	13	16
11	3	49	9
30	94	92	30
9	69	59	21
71	98	91	28
83	34	67	16
29	97	19	28
66	83	38	24
9	53	79	15
95	62	91	41
28	65	96	12
26	69	71	17
77	67	7	44
19	96	6	21
76	71	31	31
18	70	81	18
90	72	1	48
89	6	30	48
10	68	92	32
69	30	34	9
26	3	13	21
83	92	76	15
83	18	88	39
97	91	25	32
62	38	79	22
93	42	38	46
29	52	87	9
44	59	79	42
14	51	39	31
17	81	4	30
43	8	11	37
20	11	96	45
63	88	43	6
35	55	96	1
80	55	26	20
42	84	17	11
41	57	3	38
91	46	56	36
24	40	63	33
97	2	99	42
8	2	62	30
69	6	83	50
63	23	39	34
1	84	97	3
43	74	20	21
40	74	84	24
64	72	25	13
1	44	36	32
94	78	18	23
95	3	57	19
77	59	82	18
80	41	14	25
21	46	23	13
100	21	23	30
70	84	35	31
62	16	41	22
28	79	22	12
15	54	67	4
51	60	52	15
12	2	41	2
87	53	33	14
10	12	14	29
82	88	81	21
95	13	14	24
47	72	7	18
72	52	69	20
12	26	51	23
83	96	89	33
75	86	100	28
26	43	34	13
97	17	70	14
20	32	98	35
82	29	66	27
70	92	67	5
63	86	57	9
74	83	41	35
92	31	44	50
28	86	13	9
96	21	89	7
76	14	36	11
35	93	7	27
56	14	100	46
2	80	66	9
16	56	26	45
36	51	86	17
73	83	48	49
34	47	86	10
74	37	3	26
83	75	81	29
18	68	30	24
5	24	23	39
61	21	83	27
50	23	35	44
56	90	62	43
50	71	32	29
11	7	91	4
52	53	87	3
17	39	50	13
59	11	100	31
27	74	33	28
42	44	87	38
24	7	64	15
30	76	97	48
25	38	23	12
57	69	19	47
39	62	90	43
76	43	18	42
8	14	93	28
79	95	35	20
45	3	82	9
57	53	22	10
55	67	41	30
88	68	4	46
91	40	3	31
39	100	26	10
48	75	7	20
30	83	30	17
27	6	20	23
61	5	86	45
86	78	71	12
31	37	92	16
25	36	60	47
35	46	36	19
90	90	26	11
1	72	12	43
2	72	30	11
16	78	47	31
85	93	27	15
35	87	23	30
8	30	33	46
43	89	26	31
16	44	52	34
31	23	76	12
59	69	31	37
52	31	27	26
28	12	88	10
22	12	27	30
54	31	90	11
42	34	46	50
70	52	72	23
82	57	48	49
65	55	13	27
62	21	88	50
74	89	18	20
18	77	39	35
28	18	92	32
97	42	74	37
93	42	100	34
49	99	66	28
84	3	2	42
75	20	13	21
16	7	6	43
49	81	85	1
65	60	9	46
83	47	75	45
51	22	4	11
15	100	22	23
60	82	51	33
49	90	80	31
22	87	10	41
92	21	61	18
59	98	13	39
44	44	5	48
50	24	47	2
57	61	48	44
92	87	33	1
42	80	38	25
20	4	6	39
75	63	96	36
70	99	27	32
64	62	19	38
77	24	90	21
82	4	68	10
80	92	48	39
89	15	29	50
85	53	13	49
95	56	39	41
77	63	33	23
4	43	97	39
28	32	30	46
20	89	33	5
43	30	83	7
98	84	8	18
78	12	79	14
80	45	9	17
48	50	60	2
81	11	44	37
87	50	81	9
89	53	68	21
17	23	5	11
20	69	77	20
20	24	16	38
25	25	92	32
41	100	68	38
13	3	5	24
3	60	43	46
38	93	87	32
17	87	74	39
86	5	28	25
82	77	63	15
89	88	46	16
60	99	57	7
12	50	77	1
30	25	45	6
62	60	85	2
63	10	75	34
2	3	57	19
55	20	80	10
14	95	32	2
18	38	26	32
60	78	58	37
54	39	3	40
73	31	10	47
96	95	16	20
95	58	75	26
93	8	76	42
99	21	3	8
89	9	47	49
85	65	22	12
14	97	63	45
81	10	62	28
13	44	47	20
48	34	64	7
2	28	71	1
77	18	10	42
37	82	39	48
14	84	38	35
54	67	26	39
71	42	9	4
78	8	54	37
24	26	36	46
78	95	87	46
25	66	36	42
39	28	93	41
85	84	7	44
36	15	73	40
29	63	69	23
1	100	62	1
41	81	10	30
31	7	57	29
100	46	9	17
79	29	7	38
28	56	76	1
81	3	53	5
38	68	11	42
85	86	29	25
42	75	43	35
89	30	95	1
95	21	4	43
30	55	23	35
21	15	30	39
85	13	77	8
34	2	72	42
100	41	1	26
88	31	99	16
83	9	73	44
41	52	44	25
56	49	7	14
43	43	94	17
66	81	25	46
58	94	72	37
34	92	69	20
74	10	80	19
99	1	19	47
23	64	12	45
100	19	73	10
17	63	3	50
23	14	42	30
6	11	45	34
5	67	13	50
66	51	24	2
15	13	77	10
81	25	95	49
40	83	4	47
12	31	11	1
9	58	92	13
66	3	46	21
91	5	33	13
24	26	88	23
23	22	23	44
48	85	24	26
34	34	34	46
37	100	61	7
86	32	88	2
89	68	15	30
14	27	95	47
96	81	97	32
22	13	28	29
81	93	41	5
50	98	45	28
75	62	4	17
80	65	5	12
33	77	72	8
100	83	93	50
41	17	17	11
46	66	8	37
23	93	21	20
100	20	58	1
24	66	52	9
79	31	70	25
86	21	78	10
35	9	43	16
23	63	43	27
13	39	48	36
66	57	6	15
60	27	94	38
69	87	94	2
85	45	79	43
90	68	59	15
39	32	74	16
61	59	13	13
80	35	2	26
78	92	65	7
15	13	78	36
14	75	59	17
12	72	55	29
32	71	30	18
32	88	69	20
62	69	25	10
86	15	16	26
25	97	10	28
73	62	40	8
82	19	61	32
63	12	84	50
48	13	6	16
36	8	40	41
30	40	23	46
54	96	68	48
42	14	61	40
67	70	6	3
74	91	68	16
49	23	22	40
56	25	82	37
91	58	52	4
67	64	68	12
57	89	80	7
79	33	37	15
73	32	80	21
61	65	45	12
24	79	27	32
7	29	63	46
24	35	42	45
43	94	7	39
98	44	18	18
59	47	37	40
4	18	71	48
95	27	49	20
72	18	3	48
76	63	67	46
91	11	100	36
33	87	65	39
87	71	26	35
16	72	87	3
52	97	36	18
57	23	86	8
37	25	83	26
78	28	44	8
71	48	38	28
57	21	24	47
80	71	84	2
55	72	99	32
34	23	85	11
39	88	80	24
84	2	12	34
2	50	38	7
80	99	47	16
80	72	100	13
65	15	50	28
31	83	90	4
75	95	98	7
3	3	97	33
58	71	6	18
53	12	63	27
38	84	5	30
80	17	13	13
39	59	32	27
50	99	60	10
53	1	22	7
12	71	76	3
35	1	70	25
64	43	12	3
19	76	66	27
95	30	19	31
74	52	65	2
22	50	91	21
50	56	96	46
43	63	12	43
34	52	85	34
64	20	70	12
18	71	1	21
30	81	83	38
100	32	100	1
25	35	4	21
99	18	62	50
47	45	23	3
79	12	54	34
62	96	46	26
20	88	85	13
95	85	86	50
32	60	51	14
93	9	52	14
75	87	14	39
54	64	75	47
59	100	56	20
70	34	27	2
69	42	86	42
63	37	7	14
99	76	66	27
8	62	96	45
22	91	10	45
72	31	20	32
19	77	7	11
39	41	89	14
3	89	18	26
93	12	52	34
94	100	60	2
21	78	42	13
68	57	43	22
82	93	90	50
39	80	39	21
72	82	91	30
38	87	63	44
23	17	79	10
40	26	40	4
34	77	62	12
72	40	25	39
5	17	21	20
77	80	97	35
64	53	80	14
64	48	1	5
80	100	54	4
35	23	7	35
73	42	90	2
16	56	2	38
63	7	48	16
81	36	77	42
70	94	2	22
97	45	40	28
88	76	73	37
57	36	74	12
54	24	40	47
52	25	56	47
98	89	64	35
56	60	93	23
74	62	87	17
19	4	38	9
2	17	93	14
95	22	48	30
22	37	69	7
47	71	36	14
80	13	22	12
65	20	96	38
82	3	77	9
53	100	89	15
20	45	68	46
28	80	72	30
61	27	53	50
56	8	79	14
40	28	43	47
71	30	81	13
74	78	98	3
1	46	39	7
99	76	54	26
32	95	88	20
84	83	9	2
49	91	18	39
7	35	19	12
48	16	75	42
19	12	55	46
55	64	79	15
62	42	100	45
26	16	52	41
79	19	50	14
22	22	22	50
45	57	41	27
36	36	77	26
71	19	47	29
86	88	27	23
98	53	54	2
14	96	100	36
75	93	77	16
31	2	20	20
92	56	46	23
85	76	10	22
22	58	28	44
22	28	46	38
71	54	1	18
4	75	80	45
25	3	35	33
28	58	31	40
62	99	45	48
99	38	16	20
19	41	79	10
55	57	41	24
73	35	39	20
92	89	19	12
15	1	66	4
19	3	87	21
10	81	80	25
62	61	37	48
17	66	97	10
7	86	2	33
75	58	60	1
65	38	90	10
21	27	29	28
42	80	69	5
4	26	18	2
13	82	80	39
40	60	4	11
25	70	75	14
77	41	56	17
28	77	18	32
59	10	66	7
50	66	49	38
4	61	38	47
42	53	78	25
80	32	29	22
74	83	4	11
67	31	25	31
85	22	97	39
80	88	83	40
53	30	78	26
92	83	70	25
61	20	87	32
98	50	95	36
92	18	87	17
21	77	9	49
47	71	66	12
94	47	43	29
45	66	56	31
42	72	28	43
8	2	29	28
24	42	53	5
31	58	34	16
54	14	42	45
79	26	70	40
12	11	56	1
9	87	74	14
6	96	60	23
88	86	20	1
41	32	84	16
23	33	11	18
79	98	35	12
29	42	25	30
6	99	87	40
69	94	66	17
61	23	74	9
89	94	49	27
6	48	94	44
3	25	61	49
35	85	10	7
88	7	33	47
85	88	78	9
10	85	80	5
5	65	27	3
76	22	85	13
16	35	23	36
9	1	13	39
92	47	85	34
40	37	72	12
11	97	23	45
29	26	78	44
28	45	52	21
82	89	88	14
51	7	59	41
100	11	11	34
63	30	92	36
56	26	59	34
77	37	12	15
29	49	92	5
91	94	48	1
29	65	19	12
80	30	44	30
52	6	30	19
100	55	30	47
9	26	12	5
34	5	92	12
47	29	27	30
63	4	10	15
31	5	38	16
65	75	51	5
80	66	40	3
63	45	79	29
43	17	19	22
28	32	79	2
54	85	20	13
35	59	13	16
5	98	68	46
72	32	36	48
60	93	49	15
59	69	47	41
36	56	12	4
28	66	56	32
40	49	58	31
18	27	95	3
100	45	57	14
60	51	84	4
86	8	7	24
58	16	95	41
83	31	22	38
94	45	67	6
63	84	92	39
40	44	42	27
77	98	94	41
85	70	52	27
27	75	50	4
9	3	34	28
5	60	34	35
41	47	26	13
48	78	23	22
96	9	33	11
91	58	48	46
27	64	4	40
70	54	91	27
36	53	20	19
68	21	55	34
25	77	72	7
21	7	22	14
1	100	60	36
40	63	58	26
63	38	94	39
72	46	10	18
98	60	76	32
69	8	88	39
16	71	8	20
52	70	14	12
26	53	89	14
22	44	59	24
80	94	43	11
37	89	21	5
72	14	59	34
9	27	53	16
52	21	80	11
59	100	56	5
79	84	81	40
6	62	39	11
65	43	22	32
93	54	31	8
70	60	87	8
29	29	2	2
6	16	17	32
41	91	43	46
67	88	89	8
77	45	95	15
66	77	26	15
86	8	49	19
68	41	11	35
38	8	18	16
42	18	28	12
56	47	50	29
70	35	18	33
50	5	2	20
49	71	17	43
27	52	42	41
24	56	1	2
48	4	99	16
30	12	81	41
100	60	85	36
59	51	42	12
77	53	92	47
83	57	49	47
93	78	29	6
94	51	71	11
80	40	4	45
80	60	86	48
86	100	94	19
58	100	32	27
18	95	25	36
46	15	9	3
37	73	50	43
61	36	88	25
55	88	88	40
13	81	57	45
18	34	81	49
40	70	19	23
88	18	71	37
26	21	8	21
4	93	20	48
55	57	14	38
93	50	95	49
3	35	64	21
72	32	8	41
10	87	23	40
49	1	68	13
29	16	95	40
23	41	89	46
13	27	51	37
28	62	49	7
14	38	41	28
5	29	20	40
16	14	82	23
37	72	99	9
17	45	82	46
7	82	31	3
49	86	3	21
28	93	56	29
42	59	90	6
42	39	70	13
11	22	8	5
31	36	66	29
47	25	88	28
13	32	4	2
3	21	11	43
19	62	66	32
20	1	9	4
28	92	5	19
59	86	93	14
47	28	35	24
84	93	44	35
55	53	7	13
61	83	26	49
13	54	70	5
20	90	56	37
90	55	73	22
4	90	24	33
53	80	58	22
81	20	72	45
91	87	89	21
34	23	85	42
26	52	53	14
16	41	79	6
39	66	91	31
22	56	6	5
98	91	49	36
70	48	33	34
56	12	46	31
96	60	48	24
97	61	30	4
97	52	20	29
51	47	99	22
5	26	56	34
66	8	31	16
29	70	31	42
74	32	80	47
92	23	88	37
48	93	48	16
35	69	26	25
36	44	60	17
20	55	43	18
77	18	56	49
7	19	44	3
56	84	3	8
93	62	38	39
34	50	26	30
18	27	6	31
15	70	89	16
87	53	40	48
92	32	79	17
8	27	70	34
74	40	61	13
6	2	20	25
24	65	95	24
51	96	44	50
29	64	33	22
36	99	61	48
19	2	96	39
41	43	63	49
22	97	37	40
95	86	11	29
81	88	60	7
92	41	86	31
83	74	45	33
33	79	63	31
46	56	38	19
23	49	7	42
23	8	97	14
43	31	91	11
48	21	82	10
57	29	22	3
39	94	54	46
4	97	94	20
84	70	61	19
44	10	35	3
41	17	14	20
35	54	19	17
33	5	6	40
56	86	40	46
1	71	35	48
65	85	84	26
90	16	49	39
48	85	80	1
17	75	76	43
92	63	6	24
46	55	63	12
94	3	14	15
85	89	50	11
24	76	36	17
65	29	43	38
37	43	81	36
30	5	7	5
84	64	46	18
33	81	88	1
14	78	46	49
38	22	37	8
56	73	27	38
31	40	30	29
97	37	37	28
46	74	78	49
24	100	39	48
95	13	80	16
9	76	83	30
71	73	57	6
91	23	58	43
95	16	72	17
7	52	22	10
3	48	13	11
9	4	42	44
95	82	24	48
55	22	5	22
43	93	45	12
19	56	1	34
4	89	64	6
73	66	95	33
75	83	77	40
63	26	32	5
30	61	100	4
85	35	12	6
28	91	36	1
42	14	57	40
95	20	88	47
69	4	86	16
40	54	66	24
13	64	23	45
82	2	80	39
81	46	93	43
85	17	25	17
91	71	52	37
6	69	66	28
85	77	50	2
2	28	24	23
42	34	30	42
77	12	25	35
19	54	79	42
5	68	97	18
72	10	8	24
2	53	87	32
23	59	47	17
46	94	17	2
22	34	26	10
9	3	49	24
26	25	96	11
1	61	53	35
24	20	91	17
49	71	22	28
9	39	60	30
27	17	4	2
60	50	3	35
43	37	73	2
23	18	98	37
41	25	21	7
43	55	99	6
29	83	62	18
82	75	45	27
48	54	7	35
33	53	89	2
70	69	4	32
15	82	6	39
83	92	84	32
89	65	67	7
47	69	70	13
20	23	74	10
63	7	92	37
81	92	90	3
42	2	81	43
56	4	44	44
51	1	10	14
88	76	46	49
67	6	72	22
36	33	43	29
79	96	58	39
40	30	19	33
76	54	14	40
39	79	79	21
100	28	94	40
75	15	84	24
51	31	75	43
28	41	55	32
16	45	78	22
34	96	35	24
4	4	64	11
84	68	25	10
21	34	40	49
30	68	39	41
46	36	53	36
19	88	79	30
4	44	18	26
45	33	98	6
8	25	60	36
35	28	28	2
42	20	68	35
64	90	25	27
57	23	87	49
37	72	24	26
83	24	21	38
61	51	49	21
79	19	84	17
35	64	61	22
58	64	98	22
84	47	13	42
69	74	23	36
87	91	45	27
39	1	41	32
27	82	59	8
66	37	46	10
50	4	22	6
32	73	94	35
74	9	39	6
77	33	80	23
87	37	92	15
22	95	9	11
87	53	51	46
36	59	7	49
64	73	33	24
18	12	82	31
9	89	10	14
98	85	61	44
72	73	58	24
33	88	78	22
22	20	17	6
53	87	79	47
84	94	52	46
76	59	50	44
82	52	19	42
57	40	38	33
75	13	25	1
43	15	38	13
64	100	14	50
46	1	13	38
67	10	86	28
12	47	23	43
79	49	62	46
94	65	89	33
19	97	19	5
48	65	27	14
97	35	46	31
50	80	66	18
92	67	27	39
22	65	44	44
72	38	36	11
76	68	94	3
94	80	39	40
81	45	52	41
81	39	94	36
39	59	24	14
81	93	20	38
16	35	61	22
24	26	43	12
66	95	74	40
71	74	77	13
25	26	6	3
51	74	76	14
92	13	65	38
30	77	43	17
86	43	31	16
59	73	85	50
26	14	57	4
64	77	6	23
82	79	70	32
30	89	14	15
67	3	63	12
34	61	14	38
96	43	34	40
66	22	7	20
88	56	37	36
73	50	92	25
78	11	2	26
94	14	85	14
4	16	52	24
98	11	35	34
40	64	41	20
33	76	30	13
60	73	43	16
75	82	76	33
6	99	57	44
44	3	84	29
19	26	94	30
44	16	52	47
86	64	68	33
44	22	28	39
79	89	43	22
53	25	64	35
39	24	28	39
8	1	67	47
2	56	76	39
28	16	29	49
18	19	33	26
50	37	16	8
18	32	75	17
41	62	99	25
15	33	55	22
72	99	71	27
92	88	71	4
78	67	43	46
36	14	72	34
7	40	78	6
6	54	98	42
80	13	77	47
58	93	14	23
45	8	44	50
87	42	94	33
35	43	27	39
16	81	77	23
41	71	20	19
8	91	74	30
44	22	87	7
96	42	63	26
76	27	69	17
71	7	84	3
11	62	96	4
33	88	65	26
65	32	28	2
86	27	66	18
50	79	95	33
66	47	18	29
46	57	67	29
62	47	50	10
75	85	14	5
48	23	56	12
19	8	7	5
5	66	91	24
89	28	17	6
70	91	96	28
54	33	95	45
75	76	33	30
24	47	44	8
89	26	53	42
29	97	33	43
70	36	41	20
66	27	97	33
71	34	9	17
100	100	6	5
9	89	82	32
98	60	90	10
90	26	32	19
96	71	4	12
58	80	78	4
49	65	1	22
65	61	97	3
46	84	75	43
19	80	7	22
34	2	23	45
66	24	60	20
47	61	35	8
62	53	70	25
69	7	82	37
52	98	43	40
50	79	68	6
82	45	74	6
87	57	80	34
1	43	10	22
58	83	69	47
74	83	90	42
89	38	41	27
42	44	87	12
29	61	23	24
66	14	19	27
95	75	36	10
24	63	98	45
86	43	80	9
97	87	63	45
84	40	90	14
87	30	24	44
79	27	9	27
59	12	45	18
9	64	30	45
87	65	56	25
33	2	71	12
60	84	62	45
69	9	52	34
58	72	24	31
99	56	55	47
77	39	93	11
21	63	69	50
6	65	74	23
43	1	75	47
57	27	75	20
67	7	59	36
87	78	17	40
43	43	76	37
19	72	93	42
76	50	48	13
20	30	66	17
79	11	15	27
5	82	52	38
24	77	93	7
15	45	92	14
31	73	92	30
31	32	36	41
16	66	13	14
77	44	61	48
55	30	14	34
67	55	79	15
83	28	70	24
37	29	4	3
36	98	26	35
20	48	61	2
96	66	2	19
83	57	66	42
60	63	76	40
54	68	15	3
3	16	42	20
31	67	30	30
50	95	88	13
71	100	74	49
23	43	65	10
82	64	9	30
66	10	97	9
13	85	73	8
69	52	63	37
18	14	87	34
80	24	92	33
6	53	11	30
64	82	79	27
2	80	28	40
81	27	64	50
28	20	28	47
87	3	91	20
76	3	8	46
14	48	96	31
11	96	19	28
90	94	50	12
59	78	73	42
63	100	47	1
59	61	19	50
78	58	14	8
36	57	98	42
10	81	13	40
23	37	85	22
46	49	46	11
18	84	11	45
35	60	46	2
57	92	39	12
38	48	26	14
25	7	95	36
92	86	28	24
22	44	88	28
35	30	58	21
14	19	48	47
92	23	18	22
3	44	51	49
12	32	93	33
73	75	1	21
8	12	2	35
1	17	44	36
66	57	98	16
90	57	55	24
45	33	75	35
48	100	23	15
93	63	16	25
27	63	19	38
34	31	62	40
73	31	27	8
43	46	76	23
88	24	5	18
35	43	46	14
21	5	36	8
12	93	42	13
40	13	65	25
13	13	5	30
74	55	24	50
15	64	59	42
41	7	23	8
81	99	77	28
80	38	88	5
14	51	21	27
67	18	73	1
64	39	19	40
74	5	28	22
62	91	17	46
87	96	2	30
85	28	83	8
8	75	10	28
91	41	52	30
3	71	44	4
54	77	65	1
58	60	10	50
97	53	59	25
74	99	78	19
48	71	73	35
100	4	15	5
61	21	18	38
67	36	6	25
17	14	40	41
24	12	36	47
21	76	56	40
23	16	16	2
95	10	60	26
58	38	68	27
76	50	57	19
15	67	7	44
18	82	2	40
12	10	85	22
38	96	26	11
16	96	17	15
50	31	81	38
59	24	40	19
69	31	21	8
63	53	79	31
48	56	99	20
3	34	87	30
4	83	7	6
70	31	8	13
10	99	63	1
51	65	1	36
57	86	79	12
31	48	88	18
27	6	9	23
33	69	71	26
33	51	13	6
39	17	2	48
5	27	31	24
90	93	52	32
82	6	23	33
67	23	76	12
3	36	1	22
49	17	67	50
12	70	94	50
84	85	98	36
39	78	49	12
71	86	31	32
50	83	7	25
49	21	78	5
77	98	32	2
28	72	59	49
38	86	65	35
2	42	32	23
70	4	100	15
29	30	57	40
39	68	40	44
41	63	5	8
8	11	87	13
75	40	74	25
31	39	64	49
36	6	51	17
75	64	8	8
95	37	29	45
70	90	90	13
19	54	55	24
51	97	80	6
18	33	10	16
81	66	38	24
83	36	67	38
68	65	73	24
22	30	66	34
25	35	95	17
21	87	42	18
29	83	83	31
27	94	92	44
14	96	69	42
32	40	72	37
1	28	61	30
40	37	48	15
33	47	21	27
72	74	48	48
8	39	91	39
66	81	31	9
64	24	58	24
5	74	91	10
45	12	76	12
8	48	37	23
83	70	66	23
89	57	25	5
45	6	84	29
50	72	52	35
60	6	19	24
57	62	49	11
25	57	58	27
47	70	20	40
31	80	2	33
44	23	24	8
59	58	81	19
79	95	100	30
74	23	91	40
39	70	98	41
55	51	41	35
72	72	60	29
74	95	68	1
76	56	46	4
85	16	66	20
89	80	77	19
2	86	91	46
93	100	49	17
80	64	13	27
5	88	19	5
80	62	38	36
7	79	5	49
83	15	84	18
15	78	64	7
37	1	59	40
84	58	38	17
8	24	28	7
89	78	40	40
82	38	41	10
31	55	33	38
86	80	24	50
93	18	9	39
50	25	50	29
22	28	27	23
61	92	35	3
41	28	10	30
16	19	70	23
7	27	24	50
42	61	32	26
12	20	61	20
8	72	9	4
91	67	33	42
32	22	91	34
82	59	72	37
99	21	86	12
38	58	51	19
57	29	91	18
5	73	79	35
37	29	64	22
12	92	66	15
92	100	22	20
54	18	78	8
4	70	15	4
93	96	55	44
47	26	29	8
77	78	78	6
87	69	39	45
2	98	98	19
9	32	70	23
49	56	7	13
11	29	78	11
65	78	69	35
13	84	73	7
98	26	94	2
75	68	98	17
30	71	43	1
63	73	98	8
31	16	78	23
35	18	26	20
73	80	73	43
63	1	11	35
38	97	28	18
41	4	53	21
70	46	6	2
17	62	51	42
53	91	44	7
62	70	89	46
54	27	67	9
2	90	46	46
69	98	34	2
54	4	99	23
85	90	36	23
2	3	53	8
5	3	7	17
3	92	74	42
24	94	68	5
14	82	28	23
94	13	17	50
42	85	33	26
42	82	10	34
38	99	81	22
100	58	14	49
56	76	40	3
41	23	86	8
54	28	99	13
13	95	11	22
31	36	95	23
18	16	67	19
85	66	61	9
51	74	34	31
87	38	17	36
94	66	90	40
17	65	3	45
